00043444,XQ,+101651,+2925,+0642,2016/09/06,15:05:20,+0306942875,-0881944763,+00081422,04
00043444,XQ,+101649,+2917,+0646,2016/09/06,15:05:21,+0306942599,-0881944803,+00083047,04
00043444,XQ,+101654,+2933,+0631,2016/09/06,15:05:22,+0306942693,-0881944839,+00082146,04
00043444,XQ,+101655,+2937,+0630,2016/09/06,15:05:23,+0306942825,-0881945056,+00077298,04
00043444,XQ,+101655,+2935,+0635,2016/09/06,15:05:24,+0306942866,-0881945178,+00074028,04
00043444,XQ,+101651,+2943,+0633,2016/09/06,15:05:25,+0306942911,-0881945276,+00071873,04
00043444,XQ,+101650,+2930,+0665,2016/09/06,15:05:26,+0306942916,-0881945324,+00071250,04
00043444,XQ,+101657,+2881,+0672,2016/09/06,15:05:27,+0306942938,-0881945374,+00072702,04
00043444,XQ,+101641,+2845,+0653,2016/09/06,15:05:28,+0306943057,-0881945509,+00069466,04
00043444,XQ,+101650,+2810,+0645,2016/09/06,15:05:29,+0306943063,-0881945591,+00067080,04
00043444,XQ,+101643,+2780,+0647,2016/09/06,15:05:30,+0306943090,-0881945611,+00066464,04
00043444,XQ,+101651,+2780,+0641,2016/09/06,15:05:31,+0306943100,-0881945558,+00066296,04
00043444,XQ,+101652,+2766,+0637,2016/09/06,15:05:32,+0306943145,-0881945547,+00065126,04
00043444,XQ,+101651,+2762,+0637,2016/09/06,15:05:33,+0306943249,-0881945786,+00059728,05
00043444,XQ,+101644,+2767,+0640,2016/09/06,15:05:34,+0306943295,-0881945876,+00057351,05
00043444,XQ,+101656,+2761,+0639,2016/09/06,15:05:35,+0306943316,-0881945854,+00056964,05
00043444,XQ,+101649,+2753,+0644,2016/09/06,15:05:36,+0306943346,-0881945839,+00056326,05
00043444,XQ,+101651,+2753,+0641,2016/09/06,15:05:37,+0306943384,-0881945823,+00054963,05
00043444,XQ,+101653,+2748,+0636,2016/09/06,15:05:38,+0306943415,-0881945797,+00053965,05
00043444,XQ,+101647,+2739,+0637,2016/09/06,15:05:39,+0306943444,-0881945767,+00053431,05
00043444,XQ,+101652,+2734,+0635,2016/09/06,15:05:40,+0306943454,-0881945728,+00053913,05
00043444,XQ,+101643,+2729,+0636,2016/09/06,15:05:41,+0306943467,-0881945712,+00053963,05
00043444,XQ,+101650,+2728,+0637,2016/09/06,15:05:41,+0306943466,-0881945690,+00054051,06
00043444,XQ,+101641,+2737,+0638,2016/09/06,15:05:42,+0306943472,-0881945680,+00054056,06
00043444,XQ,+101644,+2739,+0639,2016/09/06,15:05:43,+0306943500,-0881945685,+00053674,06
00043444,XQ,+101643,+2735,+0635,2016/09/06,15:05:44,+0306943533,-0881945699,+00053192,06
00043444,XQ,+101650,+2728,+0637,2016/09/06,15:05:45,+0306943546,-0881945715,+00053152,06
00043444,XQ,+101640,+2741,+0637,2016/09/06,15:05:46,+0306943557,-0881945726,+00052971,06
00043444,XQ,+101655,+2742,+0637,2016/09/06,15:05:47,+0306943573,-0881945744,+00052843,06
00043444,XQ,+101643,+2744,+0636,2016/09/06,15:05:48,+0306943561,-0881945780,+00052865,06
00043444,XQ,+101644,+2744,+0635,2016/09/06,15:05:49,+0306943515,-0881945804,+00053177,06
00043444,XQ,+101633,+2744,+0634,2016/09/06,15:05:50,+0306943605,-0881945874,+00052594,06
00043444,XQ,+101638,+2742,+0638,2016/09/06,15:05:51,+0306943554,-0881945851,+00052205,06
00043444,XQ,+101642,+2737,+0638,2016/09/06,15:05:52,+0306943535,-0881945895,+00052435,06
00043444,XQ,+101651,+2737,+0632,2016/09/06,15:05:53,+0306943533,-0881945944,+00052706,06
00043444,XQ,+101645,+2751,+0635,2016/09/06,15:05:54,+0306943535,-0881945998,+00053047,06
00043444,XQ,+101643,+2754,+0630,2016/09/06,15:05:55,+0306943522,-0881946042,+00053521,06
00043444,XQ,+101654,+2752,+0636,2016/09/06,15:05:56,+0306943538,-0881946094,+00053510,06
00043444,XQ,+101648,+2748,+0631,2016/09/06,15:05:57,+0306943511,-0881946064,+00052516,06
00043444,XQ,+101649,+2749,+0628,2016/09/06,15:05:58,+0306943571,-0881946110,+00051911,06
00043444,XQ,+101646,+2741,+0635,2016/09/06,15:05:59,+0306943501,-0881946101,+00052231,06
00043444,XQ,+101647,+2751,+0629,2016/09/06,15:06:00,+0306943561,-0881946150,+00051697,06
00043444,XQ,+101649,+2760,+0633,2016/09/06,15:06:01,+0306943445,-0881946139,+00052273,06
00043444,XQ,+101649,+2765,+0640,2016/09/06,15:06:02,+0306943415,-0881946109,+00053183,09
00043444,XQ,+101654,+2772,+0636,2016/09/06,15:06:03,+0306943377,-0881946095,+00053602,09
00043444,XQ,+101644,+2783,+0635,2016/09/06,15:06:04,+0306943331,-0881946091,+00053729,09
00043444,XQ,+101646,+2795,+0636,2016/09/06,15:06:05,+0306943307,-0881946098,+00053638,09
00043444,XQ,+101655,+2795,+0635,2016/09/06,15:06:06,+0306943272,-0881946102,+00053545,09
00043444,XQ,+101646,+2809,+0634,2016/09/06,15:06:07,+0306943252,-0881946114,+00053414,09
00043444,XQ,+101646,+2818,+0639,2016/09/06,15:06:08,+0306943242,-0881946119,+00053448,09
00043444,XQ,+101643,+2815,+0637,2016/09/06,15:06:09,+0306943241,-0881946129,+00053181,10
00043444,XQ,+101645,+2815,+0635,2016/09/06,15:06:10,+0306943236,-0881946130,+00053088,10
00043444,XQ,+101648,+2815,+0636,2016/09/06,15:06:11,+0306943244,-0881946140,+00052913,10
00043444,XQ,+101644,+2807,+0639,2016/09/06,15:06:12,+0306943240,-0881946154,+00052728,09
00043444,XQ,+101638,+2808,+0636,2016/09/06,15:06:13,+0306943243,-0881946162,+00052743,09
00043444,XQ,+101652,+2792,+0630,2016/09/06,15:06:14,+0306943245,-0881946169,+00052875,08
00043444,XQ,+101644,+2801,+0634,2016/09/06,15:06:15,+0306943248,-0881946177,+00052967,09
00043444,XQ,+101649,+2804,+0629,2016/09/06,15:06:16,+0306943253,-0881946178,+00053340,09
00043444,XQ,+101642,+2802,+0627,2016/09/06,15:06:17,+0306943268,-0881946187,+00053382,10
00043444,XQ,+101646,+2807,+0625,2016/09/06,15:06:18,+0306943280,-0881946182,+00053706,10
00043444,XQ,+101645,+2798,+0627,2016/09/06,15:06:19,+0306943294,-0881946179,+00053942,10
00043444,XQ,+101648,+2809,+0636,2016/09/06,15:06:20,+0306943309,-0881946184,+00054102,11
00043444,XQ,+101647,+2811,+0637,2016/09/06,15:06:21,+0306943324,-0881946189,+00054126,11
00043444,XQ,+101652,+2817,+0638,2016/09/06,15:06:22,+0306943334,-0881946193,+00054227,11
00043444,XQ,+101647,+2791,+0638,2016/09/06,15:06:23,+0306943339,-0881946184,+00054566,11
00043444,XQ,+101648,+2779,+0624,2016/09/06,15:06:24,+0306943346,-0881946174,+00054949,11
00043444,XQ,+101643,+2773,+0620,2016/09/06,15:06:25,+0306943358,-0881946179,+00055100,11
00043444,XQ,+101644,+2772,+0617,2016/09/06,15:06:26,+0306943366,-0881946167,+00055513,11
00043444,XQ,+101650,+2760,+0616,2016/09/06,15:06:27,+0306943369,-0881946149,+00055835,11
00043444,XQ,+101647,+2748,+0615,2016/09/06,15:06:28,+0306943372,-0881946131,+00056174,11
00043444,XQ,+101646,+2740,+0614,2016/09/06,15:06:29,+0306943376,-0881946109,+00056674,11
00043444,XQ,+101645,+2733,+0617,2016/09/06,15:06:30,+0306943382,-0881946098,+00056858,11
00043444,XQ,+101649,+2731,+0613,2016/09/06,15:06:31,+0306943381,-0881946086,+00057027,11
00043444,XQ,+101641,+2738,+0616,2016/09/06,15:06:32,+0306943378,-0881946079,+00057138,11
00043444,XQ,+101646,+2743,+0619,2016/09/06,15:06:33,+0306943374,-0881946073,+00057184,11
00043444,XQ,+101646,+2733,+0625,2016/09/06,15:06:34,+0306943366,-0881946075,+00057130,11
00043444,XQ,+101651,+2723,+0636,2016/09/06,15:06:35,+0306943357,-0881946070,+00057148,11
00043444,XQ,+101646,+2726,+0635,2016/09/06,15:06:36,+0306943347,-0881946064,+00057245,11
00043444,XQ,+101646,+2731,+0638,2016/09/06,15:06:37,+0306943339,-0881946058,+00057322,11
00043444,XQ,+101642,+2747,+0635,2016/09/06,15:06:38,+0306943333,-0881946054,+00057312,11
00043444,XQ,+101638,+2756,+0632,2016/09/06,15:06:39,+0306943329,-0881946049,+00057208,11
00043444,XQ,+101643,+2748,+0633,2016/09/06,15:06:40,+0306943323,-0881946044,+00057181,11
00043444,XQ,+101646,+2751,+0632,2016/09/06,15:06:41,+0306943321,-0881946039,+00057090,11
00043444,XQ,+101644,+2751,+0629,2016/09/06,15:06:42,+0306943317,-0881946032,+00056974,11
00043444,XQ,+101644,+2745,+0635,2016/09/06,15:06:43,+0306943313,-0881946024,+00056858,11
00043444,XQ,+101645,+2742,+0634,2016/09/06,15:06:44,+0306943309,-0881946013,+00056875,11
00043444,XQ,+101651,+2750,+0636,2016/09/06,15:06:45,+0306943305,-0881945998,+00056861,11
00043444,XQ,+101645,+2759,+0628,2016/09/06,15:06:46,+0306943304,-0881945991,+00056879,11
00043444,XQ,+101652,+2784,+0631,2016/09/06,15:06:47,+0306943305,-0881945983,+00056871,11
00043444,XQ,+101653,+2803,+0636,2016/09/06,15:06:48,+0306943306,-0881945974,+00056876,11
00043444,XQ,+101654,+2818,+0637,2016/09/06,15:06:49,+0306943300,-0881945964,+00056853,11
00043444,XQ,+101652,+2820,+0637,2016/09/06,15:06:50,+0306943297,-0881945955,+00056847,11
00043444,XQ,+101658,+2816,+0632,2016/09/06,15:06:51,+0306943291,-0881945951,+00056753,11
00043444,XQ,+101653,+2820,+0635,2016/09/06,15:06:52,+0306943289,-0881945944,+00056624,11
00043444,XQ,+101649,+2817,+0634,2016/09/06,15:06:53,+0306943287,-0881945940,+00056563,11
00043444,XQ,+101639,+2821,+0635,2016/09/06,15:06:54,+0306943289,-0881945931,+00056555,10
00043444,XQ,+101646,+2822,+0627,2016/09/06,15:06:55,+0306943280,-0881945920,+00056533,10
00043444,XQ,+101648,+2819,+0627,2016/09/06,15:06:56,+0306943280,-0881945912,+00056571,10
00043444,XQ,+101644,+2825,+0632,2016/09/06,15:06:57,+0306943278,-0881945906,+00056566,10
00043444,XQ,+101642,+2830,+0629,2016/09/06,15:06:58,+0306943272,-0881945899,+00056550,10
00043444,XQ,+101647,+2818,+0635,2016/09/06,15:06:59,+0306943254,-0881945897,+00056385,11
00043444,XQ,+101648,+2797,+0617,2016/09/06,15:07:00,+0306943228,-0881945894,+00056266,11
00043444,XQ,+101642,+2785,+0615,2016/09/06,15:07:01,+0306943210,-0881945901,+00056035,11
00043444,XQ,+101649,+2774,+0613,2016/09/06,15:07:02,+0306943191,-0881945903,+00055789,11
00043444,XQ,+101649,+2784,+0627,2016/09/06,15:07:03,+0306943185,-0881945908,+00055645,11
00043444,XQ,+101645,+2787,+0626,2016/09/06,15:07:04,+0306943176,-0881945912,+00055495,11
00043444,XQ,+101644,+2780,+0624,2016/09/06,15:07:05,+0306943170,-0881945918,+00055412,11
00043444,XQ,+101649,+2766,+0626,2016/09/06,15:07:06,+0306943163,-0881945919,+00055352,11
00043444,XQ,+101650,+2756,+0623,2016/09/06,15:07:07,+0306943159,-0881945914,+00055436,11
00043444,XQ,+101659,+2750,+0627,2016/09/06,15:07:08,+0306943153,-0881945909,+00055556,11
00043444,XQ,+101646,+2743,+0634,2016/09/06,15:07:09,+0306943150,-0881945903,+00055765,11
00043444,XQ,+101650,+2743,+0624,2016/09/06,15:07:10,+0306943149,-0881945899,+00055847,11
00043444,XQ,+101644,+2742,+0626,2016/09/06,15:07:11,+0306943146,-0881945896,+00055997,11
00043444,XQ,+101647,+2737,+0637,2016/09/06,15:07:12,+0306943148,-0881945902,+00056002,11
00043444,XQ,+101654,+2740,+0636,2016/09/06,15:07:13,+0306943159,-0881945919,+00056015,11
00043444,XQ,+101641,+2755,+0635,2016/09/06,15:07:14,+0306943166,-0881945934,+00055921,11
00043444,XQ,+101641,+2754,+0633,2016/09/06,15:07:15,+0306943175,-0881945952,+00055803,11
00043444,XQ,+101643,+2761,+0633,2016/09/06,15:07:16,+0306943177,-0881945973,+00055664,11
00043444,XQ,+101644,+2766,+0636,2016/09/06,15:07:17,+0306943183,-0881945989,+00055526,11
00043444,XQ,+101649,+2763,+0636,2016/09/06,15:07:18,+0306943185,-0881946006,+00055285,11
00043444,XQ,+101649,+2768,+0636,2016/09/06,15:07:19,+0306943181,-0881946021,+00055130,11
00043444,XQ,+101645,+2771,+0634,2016/09/06,15:07:20,+0306943173,-0881946032,+00055019,11
00043444,XQ,+101653,+2761,+0635,2016/09/06,15:07:21,+0306943164,-0881946045,+00054764,11
00043444,XQ,+101652,+2772,+0636,2016/09/06,15:07:22,+0306943158,-0881946058,+00054400,11
00043444,XQ,+101639,+2765,+0634,2016/09/06,15:07:23,+0306943151,-0881946063,+00054196,11
00043444,XQ,+101646,+2761,+0637,2016/09/06,15:07:24,+0306943147,-0881946067,+00054074,11
00043444,XQ,+101651,+2756,+0635,2016/09/06,15:07:25,+0306943137,-0881946060,+00054025,11
00043444,XQ,+101645,+2761,+0633,2016/09/06,15:07:26,+0306943130,-0881946047,+00054066,11
00043444,XQ,+101643,+2766,+0636,2016/09/06,15:07:27,+0306943130,-0881946034,+00054209,11
00043444,XQ,+101651,+2772,+0636,2016/09/06,15:07:28,+0306943119,-0881946019,+00054299,11
00043444,XQ,+101655,+2775,+0633,2016/09/06,15:07:29,+0306943112,-0881946007,+00054391,11
00043444,XQ,+101658,+2770,+0633,2016/09/06,15:07:30,+0306943105,-0881946001,+00054466,11
00043444,XQ,+101652,+2768,+0633,2016/09/06,15:07:31,+0306943106,-0881945996,+00054546,11
00043444,XQ,+101641,+2773,+0636,2016/09/06,15:07:32,+0306943108,-0881945991,+00054696,11
00043444,XQ,+101645,+2777,+0636,2016/09/06,15:07:33,+0306943107,-0881945989,+00054799,11
00043444,XQ,+101658,+2793,+0641,2016/09/06,15:07:34,+0306943101,-0881945986,+00054807,11
00043444,XQ,+101649,+2806,+0644,2016/09/06,15:07:35,+0306943095,-0881945983,+00054964,11
00043444,XQ,+101651,+2801,+0635,2016/09/06,15:07:36,+0306943091,-0881945989,+00054971,10
00043444,XQ,+101644,+2807,+0636,2016/09/06,15:07:37,+0306943088,-0881945995,+00054921,10
00043444,XQ,+101650,+2792,+0630,2016/09/06,15:07:38,+0306943087,-0881945991,+00054978,11
00043444,XQ,+101650,+2786,+0638,2016/09/06,15:07:39,+0306943081,-0881945997,+00054847,11
00043444,XQ,+101650,+2789,+0637,2016/09/06,15:07:40,+0306943079,-0881945997,+00054846,11
00043444,XQ,+101645,+2775,+0630,2016/09/06,15:07:41,+0306943078,-0881945996,+00054773,11
00043444,XQ,+101652,+2768,+0638,2016/09/06,15:07:42,+0306943082,-0881946001,+00054721,11
00043444,XQ,+101647,+2769,+0637,2016/09/06,15:07:43,+0306943084,-0881946015,+00054505,11
00043444,XQ,+101646,+2765,+0631,2016/09/06,15:07:44,+0306943087,-0881946032,+00054311,11
00043444,XQ,+101638,+2755,+0637,2016/09/06,15:07:45,+0306943087,-0881946043,+00054253,11
00043444,XQ,+101656,+2758,+0638,2016/09/06,15:07:46,+0306943094,-0881946061,+00054139,11
00043444,XQ,+101650,+2753,+0638,2016/09/06,15:07:47,+0306943103,-0881946080,+00053911,11
00043444,XQ,+101656,+2756,+0637,2016/09/06,15:07:48,+0306943112,-0881946107,+00053632,11
00043444,XQ,+101658,+2752,+0636,2016/09/06,15:07:49,+0306943125,-0881946130,+00053424,11
00043444,XQ,+101654,+2761,+0632,2016/09/06,15:07:50,+0306943139,-0881946151,+00053277,11
00043444,XQ,+101644,+2774,+0636,2016/09/06,15:07:51,+0306943152,-0881946172,+00053170,11
00043444,XQ,+101638,+2773,+0635,2016/09/06,15:07:52,+0306943166,-0881946184,+00053271,11
00043444,XQ,+101654,+2785,+0633,2016/09/06,15:07:53,+0306943182,-0881946186,+00053558,11
00043444,XQ,+101642,+2786,+0633,2016/09/06,15:07:54,+0306943202,-0881946194,+00053761,11
00043444,XQ,+101647,+2798,+0636,2016/09/06,15:07:55,+0306943221,-0881946203,+00054039,11
00043444,XQ,+101653,+2806,+0628,2016/09/06,15:07:56,+0306943242,-0881946209,+00054352,11
00043444,XQ,+101644,+2807,+0637,2016/09/06,15:07:57,+0306943258,-0881946208,+00054666,11
00043444,XQ,+101645,+2808,+0633,2016/09/06,15:07:58,+0306943271,-0881946199,+00055108,11
00043444,XQ,+101650,+2808,+0634,2016/09/06,15:07:59,+0306943273,-0881946179,+00055563,11
00043444,XQ,+101653,+2803,+0636,2016/09/06,15:08:00,+0306943275,-0881946160,+00056034,11
00043444,XQ,+101651,+2789,+0635,2016/09/06,15:08:01,+0306943278,-0881946148,+00056391,11
00043444,XQ,+101650,+2789,+0636,2016/09/06,15:08:02,+0306943283,-0881946145,+00056452,11
00043444,XQ,+101666,+2782,+0632,2016/09/06,15:08:03,+0306943285,-0881946137,+00056686,11
00043444,XQ,+101644,+2769,+0626,2016/09/06,15:08:04,+0306943284,-0881946125,+00056884,11
00043444,XQ,+101652,+2757,+0627,2016/09/06,15:08:05,+0306943290,-0881946117,+00057075,11
00043444,XQ,+101649,+2754,+0630,2016/09/06,15:08:06,+0306943291,-0881946100,+00057408,11
00043444,XQ,+101647,+2764,+0634,2016/09/06,15:08:07,+0306943290,-0881946081,+00057714,11
00043444,XQ,+101641,+2776,+0636,2016/09/06,15:08:08,+0306943282,-0881946067,+00057815,11
00043444,XQ,+101657,+2782,+0626,2016/09/06,15:08:09,+0306943267,-0881946051,+00057881,11
00043444,XQ,+101654,+2794,+0624,2016/09/06,15:08:10,+0306943260,-0881946045,+00057780,11
00043444,XQ,+101646,+2795,+0626,2016/09/06,15:08:11,+0306943253,-0881946046,+00057565,11
00043444,XQ,+101641,+2789,+0625,2016/09/06,15:08:12,+0306943249,-0881946053,+00057326,11
00043444,XQ,+101652,+2782,+0633,2016/09/06,15:08:13,+0306943244,-0881946063,+00057043,11
00043444,XQ,+101644,+2790,+0634,2016/09/06,15:08:14,+0306943236,-0881946066,+00056848,11
00043444,XQ,+101648,+2800,+0636,2016/09/06,15:08:15,+0306943231,-0881946071,+00056650,11
00043444,XQ,+101647,+2802,+0635,2016/09/06,15:08:16,+0306943221,-0881946070,+00056544,11
00043444,XQ,+101645,+2811,+0635,2016/09/06,15:08:17,+0306943210,-0881946072,+00056335,11
00043444,XQ,+101655,+2823,+0625,2016/09/06,15:08:18,+0306943199,-0881946072,+00056257,11
00043444,XQ,+101648,+2828,+0637,2016/09/06,15:08:19,+0306943190,-0881946071,+00056205,11
00043444,XQ,+101648,+2829,+0630,2016/09/06,15:08:20,+0306943184,-0881946067,+00056148,11
00043444,XQ,+101651,+2813,+0634,2016/09/06,15:08:21,+0306943180,-0881946069,+00056089,11
00043444,XQ,+101654,+2818,+0629,2016/09/06,15:08:22,+0306943179,-0881946073,+00056027,11
00043444,XQ,+101645,+2814,+0629,2016/09/06,15:08:23,+0306943178,-0881946077,+00055935,11
00043444,XQ,+101647,+2798,+0615,2016/09/06,15:08:24,+0306943181,-0881946079,+00055908,11
00043444,XQ,+101636,+2789,+0614,2016/09/06,15:08:25,+0306943187,-0881946080,+00055967,11
00043444,XQ,+101649,+2784,+0611,2016/09/06,15:08:26,+0306943193,-0881946090,+00055957,11
00043444,XQ,+101651,+2781,+0613,2016/09/06,15:08:27,+0306943196,-0881946103,+00055925,11
00043444,XQ,+101651,+2771,+0614,2016/09/06,15:08:28,+0306943200,-0881946115,+00055871,11
00043444,XQ,+101654,+2761,+0615,2016/09/06,15:08:29,+0306943203,-0881946128,+00055954,11
00043444,XQ,+101641,+2759,+0618,2016/09/06,15:08:30,+0306943208,-0881946136,+00056073,11
00043444,XQ,+101658,+2768,+0614,2016/09/06,15:08:31,+0306943216,-0881946150,+00056176,11
00043444,XQ,+101650,+2773,+0616,2016/09/06,15:08:32,+0306943219,-0881946161,+00056256,11
00043444,XQ,+101642,+2773,+0615,2016/09/06,15:08:33,+0306943228,-0881946176,+00056384,11
00043444,XQ,+101654,+2776,+0618,2016/09/06,15:08:34,+0306943229,-0881946197,+00056263,11
00043444,XQ,+101652,+2766,+0618,2016/09/06,15:08:35,+0306943233,-0881946210,+00056234,11
00043444,XQ,+101644,+2784,+0627,2016/09/06,15:08:36,+0306943241,-0881946214,+00056225,11
00043444,XQ,+101655,+2791,+0618,2016/09/06,15:08:37,+0306943252,-0881946215,+00056270,11
00043444,XQ,+101653,+2778,+0613,2016/09/06,15:08:38,+0306943251,-0881946219,+00056231,11
00043444,XQ,+101651,+2763,+0618,2016/09/06,15:08:39,+0306943250,-0881946224,+00056237,11
00043444,XQ,+101650,+2761,+0622,2016/09/06,15:08:40,+0306943245,-0881946224,+00056420,11
00043444,XQ,+101654,+2766,+0619,2016/09/06,15:08:41,+0306943239,-0881946215,+00056652,11
00043444,XQ,+101649,+2765,+0615,2016/09/06,15:08:42,+0306943229,-0881946203,+00056961,11
00043444,XQ,+101647,+2756,+0617,2016/09/06,15:08:43,+0306943219,-0881946187,+00057310,12
00043444,XQ,+101652,+2767,+0613,2016/09/06,15:08:44,+0306943210,-0881946169,+00057722,13
00043444,XQ,+101659,+2762,+0616,2016/09/06,15:08:45,+0306943202,-0881946139,+00058268,13
00043444,XQ,+101646,+2764,+0616,2016/09/06,15:08:46,+0306943199,-0881946107,+00058885,13
00043444,XQ,+101646,+2764,+0613,2016/09/06,15:08:47,+0306943199,-0881946091,+00059225,13
00043444,XQ,+101653,+2782,+0634,2016/09/06,15:08:48,+0306943196,-0881946076,+00059528,13
00043444,XQ,+101643,+2777,+0625,2016/09/06,15:08:49,+0306943194,-0881946066,+00059645,13
00043444,XQ,+101650,+2776,+0613,2016/09/06,15:08:50,+0306943185,-0881946061,+00059653,13
00043444,XQ,+101649,+2751,+0614,2016/09/06,15:08:51,+0306943178,-0881946057,+00059583,13
00043444,XQ,+101656,+2745,+0616,2016/09/06,15:08:52,+0306943168,-0881946053,+00059416,13
00043444,XQ,+101660,+2733,+0615,2016/09/06,15:08:53,+0306943165,-0881946053,+00059199,13
00043444,XQ,+101652,+2743,+0613,2016/09/06,15:08:54,+0306943165,-0881946051,+00059006,13
00043444,XQ,+101656,+2764,+0615,2016/09/06,15:08:55,+0306943163,-0881946056,+00058670,13
00043444,XQ,+101645,+2761,+0614,2016/09/06,15:08:56,+0306943162,-0881946054,+00058475,13
00043444,XQ,+101653,+2769,+0616,2016/09/06,15:08:57,+0306943164,-0881946053,+00058297,13
00043444,XQ,+101653,+2766,+0614,2016/09/06,15:08:58,+0306943166,-0881946048,+00058298,13
00043444,XQ,+101655,+2782,+0611,2016/09/06,15:08:59,+0306943166,-0881946039,+00058372,13
00043444,XQ,+101647,+2794,+0613,2016/09/06,15:09:00,+0306943160,-0881946036,+00058423,13
00043444,XQ,+101654,+2792,+0612,2016/09/06,15:09:01,+0306943153,-0881946026,+00058609,13
00043444,XQ,+101647,+2805,+0620,2016/09/06,15:09:02,+0306943148,-0881946019,+00058803,13
00043444,XQ,+101646,+2815,+0616,2016/09/06,15:09:03,+0306943141,-0881946011,+00059059,13
00043444,XQ,+101657,+2807,+0610,2016/09/06,15:09:04,+0306943133,-0881946008,+00059243,13
00043444,XQ,+101658,+2823,+0614,2016/09/06,15:09:05,+0306943127,-0881946009,+00059445,13
00043444,XQ,+101652,+2818,+0613,2016/09/06,15:09:06,+0306943123,-0881946010,+00059625,13
00043444,XQ,+101655,+2802,+0611,2016/09/06,15:09:07,+0306943122,-0881946014,+00059750,13
00043444,XQ,+101651,+2794,+0619,2016/09/06,15:09:08,+0306943127,-0881946021,+00059793,13
00043444,XQ,+101655,+2786,+0608,2016/09/06,15:09:09,+0306943133,-0881946028,+00059803,13
00043444,XQ,+101649,+2796,+0613,2016/09/06,15:09:10,+0306943134,-0881946032,+00059852,13
00043444,XQ,+101657,+2782,+0605,2016/09/06,15:09:11,+0306943134,-0881946030,+00060022,13
00043444,XQ,+101650,+2785,+0610,2016/09/06,15:09:12,+0306943139,-0881946031,+00060135,13
00043444,XQ,+101647,+2780,+0617,2016/09/06,15:09:13,+0306943146,-0881946029,+00060238,13
00043444,XQ,+101656,+2785,+0615,2016/09/06,15:09:14,+0306943151,-0881946024,+00060362,13
00043444,XQ,+101652,+2789,+0615,2016/09/06,15:09:15,+0306943156,-0881946026,+00060499,13
00043444,XQ,+101649,+2791,+0617,2016/09/06,15:09:16,+0306943160,-0881946027,+00060665,13
00043444,XQ,+101653,+2796,+0619,2016/09/06,15:09:17,+0306943164,-0881946030,+00060800,13
00043444,XQ,+101654,+2800,+0615,2016/09/06,15:09:18,+0306943171,-0881946044,+00060846,13
00043444,XQ,+101655,+2798,+0618,2016/09/06,15:09:19,+0306943177,-0881946052,+00060900,13
00043444,XQ,+101650,+2809,+0618,2016/09/06,15:09:20,+0306943186,-0881946065,+00060951,13
00043444,XQ,+101654,+2817,+0616,2016/09/06,15:09:21,+0306943194,-0881946071,+00061082,13
00043444,XQ,+101657,+2820,+0613,2016/09/06,15:09:22,+0306943195,-0881946069,+00061257,13
00043444,XQ,+101643,+2821,+0616,2016/09/06,15:09:23,+0306943197,-0881946068,+00061411,13
00043444,XQ,+101654,+2816,+0619,2016/09/06,15:09:24,+0306943199,-0881946074,+00061391,13
00043444,XQ,+101653,+2812,+0617,2016/09/06,15:09:25,+0306943198,-0881946079,+00061402,13
00043444,XQ,+101649,+2791,+0615,2016/09/06,15:09:26,+0306943202,-0881946084,+00061459,13
00043444,XQ,+101656,+2794,+0610,2016/09/06,15:09:27,+0306943202,-0881946092,+00061431,13
00043444,XQ,+101649,+2789,+0617,2016/09/06,15:09:28,+0306943202,-0881946100,+00061350,13
00043444,XQ,+101645,+2794,+0617,2016/09/06,15:09:29,+0306943204,-0881946114,+00061155,13
00043444,XQ,+101642,+2789,+0617,2016/09/06,15:09:30,+0306943208,-0881946125,+00061046,13
00043444,XQ,+101655,+2805,+0616,2016/09/06,15:09:31,+0306943215,-0881946131,+00061048,13
00043444,XQ,+101655,+2784,+0618,2016/09/06,15:09:32,+0306943222,-0881946143,+00060986,13
00043444,XQ,+101653,+2780,+0619,2016/09/06,15:09:33,+0306943233,-0881946151,+00061003,13
00043444,XQ,+101658,+2784,+0612,2016/09/06,15:09:34,+0306943243,-0881946161,+00060958,13
00043444,XQ,+101644,+2797,+0619,2016/09/06,15:09:35,+0306943246,-0881946166,+00060981,13
00043444,XQ,+101661,+2812,+0615,2016/09/06,15:09:36,+0306943249,-0881946168,+00060993,13
00043444,XQ,+101643,+2800,+0619,2016/09/06,15:09:37,+0306943253,-0881946164,+00061144,13
00043444,XQ,+101659,+2784,+0616,2016/09/06,15:09:38,+0306943252,-0881946155,+00061262,13
00043444,XQ,+101649,+2796,+0616,2016/09/06,15:09:39,+0306943254,-0881946152,+00061342,13
00043444,XQ,+101650,+2799,+0614,2016/09/06,15:09:40,+0306943257,-0881946151,+00061336,13
00043444,XQ,+101648,+2782,+0615,2016/09/06,15:09:41,+0306943258,-0881946156,+00061179,13
00043444,XQ,+101658,+2759,+0612,2016/09/06,15:09:42,+0306943258,-0881946153,+00061256,13
00043444,XQ,+101648,+2763,+0619,2016/09/06,15:09:43,+0306943259,-0881946142,+00061458,13
00043444,XQ,+101653,+2782,+0615,2016/09/06,15:09:44,+0306943258,-0881946133,+00061419,13
00043444,XQ,+101653,+2791,+0617,2016/09/06,15:09:45,+0306943262,-0881946120,+00061314,12
00043444,XQ,+101653,+2801,+0618,2016/09/06,15:09:46,+0306943262,-0881946107,+00061379,12
00043444,XQ,+101655,+2803,+0614,2016/09/06,15:09:47,+0306943259,-0881946097,+00061289,12
00043444,XQ,+101660,+2799,+0612,2016/09/06,15:09:48,+0306943256,-0881946094,+00061136,12
00043444,XQ,+101651,+2799,+0617,2016/09/06,15:09:49,+0306943243,-0881946089,+00060877,13
00043444,XQ,+101652,+2789,+0616,2016/09/06,15:09:50,+0306943237,-0881946088,+00060673,13
00043444,XQ,+101662,+2795,+0617,2016/09/06,15:09:51,+0306943231,-0881946097,+00060237,13
00043444,XQ,+101642,+2800,+0618,2016/09/06,15:09:52,+0306943225,-0881946108,+00059750,13
00043444,XQ,+101645,+2805,+0616,2016/09/06,15:09:53,+0306943226,-0881946131,+00059116,13
00043444,XQ,+101645,+2801,+0617,2016/09/06,15:09:54,+0306943228,-0881946155,+00058377,13
00043444,XQ,+101655,+2803,+0618,2016/09/06,15:09:55,+0306943233,-0881946183,+00057616,13
00043444,XQ,+101657,+2800,+0625,2016/09/06,15:09:56,+0306943239,-0881946203,+00057068,13
00043444,XQ,+101649,+2814,+0630,2016/09/06,15:09:57,+0306943243,-0881946222,+00056545,13
00043444,XQ,+101647,+2825,+0627,2016/09/06,15:09:58,+0306943248,-0881946245,+00055942,13
00043444,XQ,+101655,+2833,+0628,2016/09/06,15:09:59,+0306943251,-0881946263,+00055473,13
00043444,XQ,+101647,+2840,+0635,2016/09/06,15:10:00,+0306943256,-0881946284,+00054979,13
00043444,XQ,+101652,+2836,+0633,2016/09/06,15:10:01,+0306943265,-0881946295,+00054716,13
00043444,XQ,+101660,+2845,+0629,2016/09/06,15:10:02,+0306943276,-0881946304,+00054530,13
00043444,XQ,+101654,+2841,+0626,2016/09/06,15:10:03,+0306943289,-0881946317,+00054317,13
00043444,XQ,+101650,+2842,+0636,2016/09/06,15:10:04,+0306943297,-0881946322,+00054243,13
00043444,XQ,+101646,+2842,+0635,2016/09/06,15:10:05,+0306943303,-0881946324,+00054206,13
00043444,XQ,+101648,+2856,+0634,2016/09/06,15:10:06,+0306943305,-0881946323,+00054238,13
00043444,XQ,+101645,+2859,+0634,2016/09/06,15:10:07,+0306943307,-0881946320,+00054480,13
00043444,XQ,+101655,+2838,+0623,2016/09/06,15:10:08,+0306943304,-0881946322,+00054364,13
00043444,XQ,+101651,+2834,+0637,2016/09/06,15:10:09,+0306943296,-0881946321,+00054295,13
00043444,XQ,+101658,+2824,+0638,2016/09/06,15:10:10,+0306943297,-0881946333,+00054124,13
00043444,XQ,+101658,+2815,+0628,2016/09/06,15:10:11,+0306943296,-0881946340,+00054015,13
00043444,XQ,+101644,+2828,+0630,2016/09/06,15:10:12,+0306943296,-0881946348,+00053863,13
00043444,XQ,+101656,+2834,+0637,2016/09/06,15:10:13,+0306943296,-0881946353,+00053714,13
00043444,XQ,+101649,+2826,+0637,2016/09/06,15:10:14,+0306943293,-0881946360,+00053563,13
00043444,XQ,+101648,+2810,+0622,2016/09/06,15:10:15,+0306943291,-0881946365,+00053480,13
00043444,XQ,+101643,+2791,+0618,2016/09/06,15:10:16,+0306943289,-0881946366,+00053485,13
00043444,XQ,+101652,+2783,+0618,2016/09/06,15:10:17,+0306943284,-0881946362,+00053541,13
00043444,XQ,+101656,+2768,+0619,2016/09/06,15:10:18,+0306943278,-0881946358,+00053515,13
00043444,XQ,+101663,+2771,+0618,2016/09/06,15:10:19,+0306943274,-0881946353,+00053621,13
00043444,XQ,+101649,+2771,+0634,2016/09/06,15:10:20,+0306943270,-0881946346,+00053662,13
00043444,XQ,+101662,+2782,+0625,2016/09/06,15:10:21,+0306943265,-0881946349,+00053488,13
00043444,XQ,+101656,+2791,+0632,2016/09/06,15:10:22,+0306943268,-0881946347,+00053415,13
00043444,XQ,+101651,+2800,+0632,2016/09/06,15:10:23,+0306943271,-0881946343,+00053449,13
00043444,XQ,+101648,+2797,+0638,2016/09/06,15:10:24,+0306943274,-0881946338,+00053504,13
00043444,XQ,+101653,+2796,+0636,2016/09/06,15:10:25,+0306943274,-0881946335,+00053369,13
00043444,XQ,+101658,+2796,+0637,2016/09/06,15:10:26,+0306943275,-0881946339,+00053187,13
00043444,XQ,+101644,+2790,+0631,2016/09/06,15:10:27,+0306943270,-0881946334,+00052986,13
00043444,XQ,+101653,+2778,+0634,2016/09/06,15:10:28,+0306943268,-0881946328,+00052954,13
00043444,XQ,+101648,+2762,+0622,2016/09/06,15:10:29,+0306943265,-0881946331,+00052772,13
00043444,XQ,+101649,+2763,+0627,2016/09/06,15:10:30,+0306943249,-0881946336,+00052442,13
00043444,XQ,+101644,+2764,+0627,2016/09/06,15:10:31,+0306943241,-0881946339,+00052251,13
00043444,XQ,+101650,+2756,+0623,2016/09/06,15:10:32,+0306943222,-0881946342,+00051919,13
00043444,XQ,+101657,+2759,+0627,2016/09/06,15:10:33,+0306943214,-0881946349,+00051651,13
00043444,XQ,+101653,+2753,+0632,2016/09/06,15:10:34,+0306943208,-0881946351,+00051343,13
00043444,XQ,+101659,+2757,+0635,2016/09/06,15:10:35,+0306943202,-0881946350,+00051139,13
00043444,XQ,+101660,+2774,+0631,2016/09/06,15:10:36,+0306943191,-0881946353,+00050884,13
00043444,XQ,+101653,+2769,+0637,2016/09/06,15:10:37,+0306943176,-0881946345,+00050696,14
00043444,XQ,+101646,+2768,+0634,2016/09/06,15:10:38,+0306943165,-0881946344,+00050491,14
00043444,XQ,+101658,+2763,+0635,2016/09/06,15:10:39,+0306943159,-0881946342,+00050365,14
00043444,XQ,+101652,+2761,+0637,2016/09/06,15:10:40,+0306943155,-0881946345,+00050224,14
00043444,XQ,+101668,+2768,+0637,2016/09/06,15:10:41,+0306943154,-0881946343,+00050166,14
00043444,XQ,+101656,+2772,+0638,2016/09/06,15:10:42,+0306943145,-0881946342,+00050071,14
00043444,XQ,+101655,+2770,+0643,2016/09/06,15:10:43,+0306943135,-0881946340,+00049953,14
00043444,XQ,+101648,+2768,+0642,2016/09/06,15:10:44,+0306943129,-0881946340,+00049777,14
00043444,XQ,+101651,+2789,+0640,2016/09/06,15:10:45,+0306943121,-0881946341,+00049559,14
00043444,XQ,+101650,+2779,+0641,2016/09/06,15:10:46,+0306943116,-0881946342,+00049458,14
00043444,XQ,+101651,+2794,+0646,2016/09/06,15:10:47,+0306943118,-0881946347,+00049341,14
00043444,XQ,+101651,+2794,+0649,2016/09/06,15:10:48,+0306943116,-0881946353,+00049124,13
00043444,XQ,+101656,+2785,+0639,2016/09/06,15:10:49,+0306943119,-0881946364,+00048881,13
00043444,XQ,+101652,+2775,+0639,2016/09/06,15:10:50,+0306943121,-0881946371,+00048717,14
00043444,XQ,+101648,+2783,+0642,2016/09/06,15:10:51,+0306943121,-0881946377,+00048579,14
00043444,XQ,+101649,+2800,+0649,2016/09/06,15:10:52,+0306943120,-0881946378,+00048475,14
00043444,XQ,+101659,+2793,+0648,2016/09/06,15:10:53,+0306943114,-0881946382,+00048389,14
00043444,XQ,+101652,+2794,+0639,2016/09/06,15:10:54,+0306943110,-0881946384,+00048290,14
00043444,XQ,+101659,+2795,+0643,2016/09/06,15:10:55,+0306943110,-0881946384,+00048263,14
00043444,XQ,+101657,+2787,+0640,2016/09/06,15:10:56,+0306943103,-0881946379,+00048272,14
00043444,XQ,+101642,+2790,+0633,2016/09/06,15:10:57,+0306943107,-0881946369,+00048488,14
00043444,XQ,+101653,+2780,+0634,2016/09/06,15:10:58,+0306943103,-0881946357,+00048626,14
00043444,XQ,+101660,+2772,+0637,2016/09/06,15:10:59,+0306943102,-0881946345,+00048774,14
00043444,XQ,+101658,+2774,+0632,2016/09/06,15:11:00,+0306943100,-0881946335,+00048965,14
00043444,XQ,+101648,+2766,+0638,2016/09/06,15:11:01,+0306943095,-0881946333,+00048896,14
00043444,XQ,+101657,+2780,+0647,2016/09/06,15:11:02,+0306943093,-0881946319,+00049045,14
00043444,XQ,+101652,+2799,+0643,2016/09/06,15:11:03,+0306943088,-0881946304,+00049198,14
00043444,XQ,+101656,+2795,+0649,2016/09/06,15:11:04,+0306943084,-0881946294,+00049247,13
00043444,XQ,+101649,+2798,+0645,2016/09/06,15:11:05,+0306943079,-0881946277,+00049367,13
00043444,XQ,+101662,+2778,+0643,2016/09/06,15:11:06,+0306943074,-0881946265,+00049428,13
00043444,XQ,+101660,+2785,+0654,2016/09/06,15:11:07,+0306943063,-0881946264,+00049290,13
00043444,XQ,+101644,+2776,+0636,2016/09/06,15:11:08,+0306943064,-0881946259,+00049305,14
00043444,XQ,+101659,+2780,+0635,2016/09/06,15:11:09,+0306943058,-0881946254,+00049384,14
00043444,XQ,+101661,+2780,+0636,2016/09/06,15:11:10,+0306943064,-0881946239,+00049615,14
00043444,XQ,+101652,+2775,+0636,2016/09/06,15:11:11,+0306943062,-0881946227,+00049751,14
00043444,XQ,+101652,+2775,+0636,2016/09/06,15:11:12,+0306943060,-0881946215,+00049937,14
00043444,XQ,+101662,+2778,+0637,2016/09/06,15:11:13,+0306943053,-0881946195,+00050199,14
00043444,XQ,+101646,+2775,+0631,2016/09/06,15:11:14,+0306943040,-0881946168,+00050520,14
00043444,XQ,+101654,+2773,+0632,2016/09/06,15:11:15,+0306943042,-0881946153,+00050704,14
00043444,XQ,+101656,+2773,+0636,2016/09/06,15:11:16,+0306943030,-0881946130,+00050965,14
00043444,XQ,+101659,+2766,+0640,2016/09/06,15:11:17,+0306943022,-0881946108,+00051197,14
00043444,XQ,+101649,+2773,+0633,2016/09/06,15:11:18,+0306943017,-0881946085,+00051394,14
00043444,XQ,+101655,+2762,+0630,2016/09/06,15:11:19,+0306943015,-0881946071,+00051559,14
00043444,XQ,+101653,+2768,+0628,2016/09/06,15:11:20,+0306943003,-0881946055,+00051645,14
00043444,XQ,+101661,+2768,+0633,2016/09/06,15:11:21,+0306942988,-0881946026,+00051999,14
00043444,XQ,+101646,+2768,+0630,2016/09/06,15:11:22,+0306942966,-0881946007,+00052166,14
00043444,XQ,+101654,+2773,+0634,2016/09/06,15:11:23,+0306942960,-0881945999,+00052236,14
00043444,XQ,+101658,+2770,+0633,2016/09/06,15:11:24,+0306942956,-0881945997,+00052212,14
00043444,XQ,+101654,+2782,+0643,2016/09/06,15:11:25,+0306942955,-0881946001,+00052070,14
00043444,XQ,+101652,+2786,+0646,2016/09/06,15:11:26,+0306942959,-0881945998,+00052098,14
00043444,XQ,+101650,+2784,+0636,2016/09/06,15:11:27,+0306942967,-0881946005,+00051968,14
00043444,XQ,+101653,+2780,+0635,2016/09/06,15:11:28,+0306942964,-0881946015,+00051693,14
00043444,XQ,+101652,+2782,+0629,2016/09/06,15:11:29,+0306942960,-0881946022,+00051452,14
00043444,XQ,+101657,+2771,+0633,2016/09/06,15:11:30,+0306942950,-0881946032,+00051107,14
00043444,XQ,+101650,+2763,+0635,2016/09/06,15:11:31,+0306942940,-0881946037,+00050944,14
00043444,XQ,+101660,+2754,+0637,2016/09/06,15:11:32,+0306942940,-0881946044,+00050748,14
00043444,XQ,+101655,+2747,+0633,2016/09/06,15:11:33,+0306942937,-0881946048,+00050636,14
00043444,XQ,+101644,+2749,+0635,2016/09/06,15:11:34,+0306942933,-0881946047,+00050625,14
00043444,XQ,+101655,+2756,+0630,2016/09/06,15:11:35,+0306942930,-0881946044,+00050656,14
00043444,XQ,+101655,+2767,+0636,2016/09/06,15:11:36,+0306942925,-0881946040,+00050711,14
00043444,XQ,+101650,+2761,+0631,2016/09/06,15:11:37,+0306942916,-0881946028,+00050831,14
00043444,XQ,+101657,+2765,+0636,2016/09/06,15:11:38,+0306942909,-0881946025,+00050752,14
00043444,XQ,+101654,+2770,+0636,2016/09/06,15:11:39,+0306942902,-0881946025,+00050626,14
00043444,XQ,+101650,+2770,+0634,2016/09/06,15:11:40,+0306942893,-0881946040,+00050189,13
00043444,XQ,+101649,+2766,+0634,2016/09/06,15:11:41,+0306942886,-0881946035,+00050152,13
00043444,XQ,+101652,+2775,+0633,2016/09/06,15:11:42,+0306942879,-0881946034,+00050068,13
00043444,XQ,+101663,+2770,+0628,2016/09/06,15:11:43,+0306942874,-0881946040,+00049892,13
00043444,XQ,+101661,+2763,+0630,2016/09/06,15:11:44,+0306942868,-0881946046,+00049734,13
00043444,XQ,+101651,+2763,+0629,2016/09/06,15:11:45,+0306942862,-0881946050,+00049627,13
00043444,XQ,+101653,+2759,+0628,2016/09/06,15:11:46,+0306942859,-0881946052,+00049597,13
00043444,XQ,+101657,+2764,+0634,2016/09/06,15:11:47,+0306942866,-0881946051,+00049752,13
00043444,XQ,+101660,+2763,+0632,2016/09/06,15:11:48,+0306942867,-0881946055,+00049908,13
00043444,XQ,+101656,+2754,+0633,2016/09/06,15:11:49,+0306942876,-0881946060,+00050082,13
00043444,XQ,+101653,+2756,+0630,2016/09/06,15:11:50,+0306942880,-0881946075,+00050095,13
00043444,XQ,+101654,+2749,+0631,2016/09/06,15:11:51,+0306942888,-0881946089,+00050125,13
00043444,XQ,+101667,+2752,+0631,2016/09/06,15:11:52,+0306942898,-0881946101,+00050218,14
00043444,XQ,+101648,+2760,+0637,2016/09/06,15:11:53,+0306942912,-0881946119,+00050266,14
00043444,XQ,+101656,+2772,+0653,2016/09/06,15:11:54,+0306942921,-0881946132,+00050328,13
00043444,XQ,+101664,+2773,+0648,2016/09/06,15:11:55,+0306942930,-0881946140,+00050460,13
00043444,XQ,+101652,+2759,+0644,2016/09/06,15:11:56,+0306942942,-0881946149,+00050524,13
00043444,XQ,+101646,+2757,+0641,2016/09/06,15:11:57,+0306942946,-0881946149,+00050675,13
00043444,XQ,+101660,+2747,+0634,2016/09/06,15:11:58,+0306942951,-0881946157,+00050711,13
00043444,XQ,+101663,+2745,+0638,2016/09/06,15:11:59,+0306942958,-0881946166,+00050689,13
00043444,XQ,+101654,+2747,+0636,2016/09/06,15:12:00,+0306942961,-0881946176,+00050614,13
00043444,XQ,+101650,+2743,+0636,2016/09/06,15:12:01,+0306942967,-0881946174,+00050750,13
00043444,XQ,+101655,+2732,+0633,2016/09/06,15:12:02,+0306942969,-0881946184,+00050640,13
00043444,XQ,+101653,+2733,+0637,2016/09/06,15:12:03,+0306942965,-0881946186,+00050668,13
00043444,XQ,+101652,+2738,+0637,2016/09/06,15:12:04,+0306942961,-0881946185,+00050791,13
00043444,XQ,+101651,+2733,+0637,2016/09/06,15:12:05,+0306942960,-0881946178,+00051036,13
00043444,XQ,+101657,+2749,+0644,2016/09/06,15:12:06,+0306942961,-0881946186,+00050937,13
00043444,XQ,+101657,+2745,+0653,2016/09/06,15:12:07,+0306942961,-0881946181,+00051094,13
00043444,XQ,+101651,+2751,+0651,2016/09/06,15:12:08,+0306942965,-0881946179,+00051239,12
00043444,XQ,+101659,+2747,+0639,2016/09/06,15:12:09,+0306942969,-0881946172,+00051358,13
00043444,XQ,+101647,+2742,+0638,2016/09/06,15:12:10,+0306942973,-0881946176,+00051303,13
00043444,XQ,+101654,+2730,+0637,2016/09/06,15:12:11,+0306942977,-0881946169,+00051441,13
00043444,XQ,+101662,+2727,+0635,2016/09/06,15:12:12,+0306942981,-0881946172,+00051410,13
00043444,XQ,+101660,+2724,+0636,2016/09/06,15:12:13,+0306942985,-0881946182,+00051322,13
00043444,XQ,+101647,+2730,+0635,2016/09/06,15:12:14,+0306942983,-0881946207,+00050885,14
00043444,XQ,+101650,+2730,+0635,2016/09/06,15:12:15,+0306942979,-0881946221,+00050627,14
00043444,XQ,+101645,+2748,+0637,2016/09/06,15:12:16,+0306942976,-0881946233,+00050486,14
00043444,XQ,+101660,+2749,+0636,2016/09/06,15:12:17,+0306942970,-0881946228,+00050651,14
00043444,XQ,+101665,+2749,+0636,2016/09/06,15:12:18,+0306942960,-0881946219,+00050826,14
00043444,XQ,+101654,+2750,+0637,2016/09/06,15:12:19,+0306942947,-0881946215,+00050973,14
00043444,XQ,+101646,+2743,+0634,2016/09/06,15:12:20,+0306942935,-0881946220,+00051029,14
00043444,XQ,+101659,+2738,+0634,2016/09/06,15:12:21,+0306942923,-0881946212,+00051244,13
00043444,XQ,+101654,+2740,+0638,2016/09/06,15:12:22,+0306942912,-0881946206,+00051414,13
00043444,XQ,+101653,+2739,+0636,2016/09/06,15:12:23,+0306942915,-0881946198,+00051636,13
00043444,XQ,+101661,+2750,+0636,2016/09/06,15:12:24,+0306942906,-0881946177,+00052001,13
00043444,XQ,+101659,+2756,+0643,2016/09/06,15:12:25,+0306942898,-0881946161,+00052267,13
00043444,XQ,+101653,+2747,+0637,2016/09/06,15:12:26,+0306942905,-0881946156,+00052430,13
00043444,XQ,+101651,+2745,+0635,2016/09/06,15:12:27,+0306942911,-0881946166,+00052428,13
00043444,XQ,+101653,+2740,+0635,2016/09/06,15:12:28,+0306942914,-0881946174,+00052386,13
00043444,XQ,+101656,+2740,+0636,2016/09/06,15:12:29,+0306942915,-0881946163,+00052663,13
00043444,XQ,+101659,+2750,+0636,2016/09/06,15:12:30,+0306942909,-0881946137,+00053156,14
00043444,XQ,+101662,+2761,+0638,2016/09/06,15:12:31,+0306942905,-0881946118,+00053530,14
00043444,XQ,+101650,+2744,+0634,2016/09/06,15:12:32,+0306942905,-0881946119,+00053593,14
00043444,XQ,+101658,+2742,+0636,2016/09/06,15:12:33,+0306942906,-0881946097,+00054077,14
00043444,XQ,+101663,+2753,+0637,2016/09/06,15:12:34,+0306942906,-0881946080,+00054522,14
00043444,XQ,+101655,+2759,+0630,2016/09/06,15:12:35,+0306942912,-0881946067,+00054848,14
00043444,XQ,+101659,+2757,+0630,2016/09/06,15:12:36,+0306942921,-0881946061,+00055080,14
00043444,XQ,+101662,+2763,+0637,2016/09/06,15:12:37,+0306942930,-0881946051,+00055394,14
00043444,XQ,+101655,+2748,+0628,2016/09/06,15:12:38,+0306942937,-0881946034,+00055819,14
00043444,XQ,+101650,+2756,+0632,2016/09/06,15:12:39,+0306942936,-0881946016,+00056249,14
00043444,XQ,+101652,+2756,+0637,2016/09/06,15:12:40,+0306942945,-0881946002,+00056701,14
00043444,XQ,+101654,+2766,+0633,2016/09/06,15:12:41,+0306942955,-0881945997,+00057019,14
00043444,XQ,+101666,+2766,+0635,2016/09/06,15:12:42,+0306942963,-0881946005,+00057124,14
00043444,XQ,+101656,+2775,+0628,2016/09/06,15:12:43,+0306942975,-0881946013,+00057269,14
00043444,XQ,+101656,+2780,+0634,2016/09/06,15:12:44,+0306942988,-0881946009,+00057500,14
00043444,XQ,+101664,+2782,+0636,2016/09/06,15:12:45,+0306942995,-0881946009,+00057665,14
00043444,XQ,+101649,+2786,+0628,2016/09/06,15:12:46,+0306943004,-0881946025,+00057633,14
00043444,XQ,+101656,+2789,+0627,2016/09/06,15:12:47,+0306943018,-0881946037,+00057764,14
00043444,XQ,+101659,+2790,+0628,2016/09/06,15:12:48,+0306943030,-0881946035,+00057938,14
00043444,XQ,+101653,+2790,+0628,2016/09/06,15:12:49,+0306943044,-0881946036,+00057962,13
00043444,XQ,+101650,+2807,+0623,2016/09/06,15:12:50,+0306943059,-0881946046,+00057870,13
00043444,XQ,+101647,+2821,+0622,2016/09/06,15:12:51,+0306943069,-0881946045,+00057960,14
00043444,XQ,+101663,+2825,+0619,2016/09/06,15:12:52,+0306943075,-0881946044,+00057991,14
00043444,XQ,+101654,+2825,+0626,2016/09/06,15:12:53,+0306943069,-0881946034,+00058097,12
00043444,XQ,+101650,+2818,+0631,2016/09/06,15:12:54,+0306943072,-0881946027,+00058271,12
00043444,XQ,+101643,+2793,+0616,2016/09/06,15:12:55,+0306943073,-0881946027,+00058203,12
00043444,XQ,+101656,+2774,+0616,2016/09/06,15:12:56,+0306943073,-0881946026,+00058233,13
00043444,XQ,+101661,+2759,+0613,2016/09/06,15:12:57,+0306943065,-0881946004,+00058352,13
00043444,XQ,+101662,+2766,+0617,2016/09/06,15:12:58,+0306943054,-0881945988,+00058376,13
00043444,XQ,+101662,+2771,+0612,2016/09/06,15:12:59,+0306943039,-0881945968,+00058630,12
00043444,XQ,+101651,+2775,+0615,2016/09/06,15:13:00,+0306943030,-0881945945,+00058810,12
00043444,XQ,+101665,+2769,+0616,2016/09/06,15:13:01,+0306943020,-0881945919,+00059063,12
00043444,XQ,+101649,+2775,+0619,2016/09/06,15:13:02,+0306943017,-0881945890,+00059242,13
00043444,XQ,+101653,+2784,+0611,2016/09/06,15:13:03,+0306943017,-0881945867,+00059474,13
00043444,XQ,+101661,+2791,+0610,2016/09/06,15:13:04,+0306943015,-0881945839,+00059895,13
00043444,XQ,+101654,+2789,+0619,2016/09/06,15:13:05,+0306943009,-0881945805,+00060260,12
00043444,XQ,+101666,+2803,+0614,2016/09/06,15:13:06,+0306943011,-0881945779,+00060602,12
00043444,XQ,+101653,+2795,+0615,2016/09/06,15:13:07,+0306943007,-0881945738,+00061185,12
00043444,XQ,+101652,+2793,+0618,2016/09/06,15:13:08,+0306943009,-0881945699,+00061726,12
00043444,XQ,+101661,+2786,+0615,2016/09/06,15:13:09,+0306943012,-0881945663,+00062301,12
00043444,XQ,+101657,+2792,+0617,2016/09/06,15:13:10,+0306943011,-0881945635,+00062631,12
00043444,XQ,+101658,+2787,+0617,2016/09/06,15:13:11,+0306943010,-0881945620,+00062887,12
00043444,XQ,+101663,+2805,+0631,2016/09/06,15:13:12,+0306943018,-0881945620,+00062880,13
00043444,XQ,+101648,+2825,+0625,2016/09/06,15:13:13,+0306943022,-0881945622,+00062956,13
00043444,XQ,+101663,+2818,+0619,2016/09/06,15:13:14,+0306943024,-0881945638,+00062708,13
00043444,XQ,+101653,+2800,+0615,2016/09/06,15:13:15,+0306943026,-0881945660,+00062213,13
00043444,XQ,+101656,+2789,+0618,2016/09/06,15:13:16,+0306943032,-0881945698,+00061398,13
00043444,XQ,+101656,+2780,+0625,2016/09/06,15:13:17,+0306943035,-0881945716,+00060980,13
00043444,XQ,+101656,+2782,+0629,2016/09/06,15:13:18,+0306943041,-0881945746,+00060182,13
00043444,XQ,+101659,+2788,+0632,2016/09/06,15:13:19,+0306943047,-0881945776,+00059494,13
00043444,XQ,+101659,+2787,+0633,2016/09/06,15:13:20,+0306943048,-0881945792,+00059157,13
00043444,XQ,+101659,+2784,+0622,2016/09/06,15:13:21,+0306943050,-0881945806,+00058840,13
00043444,XQ,+101663,+2780,+0618,2016/09/06,15:13:22,+0306943052,-0881945808,+00058753,13
00043444,XQ,+101660,+2775,+0616,2016/09/06,15:13:23,+0306943053,-0881945817,+00058572,13
00043444,XQ,+101662,+2764,+0621,2016/09/06,15:13:24,+0306943059,-0881945822,+00058515,13
00043444,XQ,+101653,+2761,+0630,2016/09/06,15:13:25,+0306943063,-0881945833,+00058369,13
00043444,XQ,+101656,+2763,+0633,2016/09/06,15:13:26,+0306943070,-0881945845,+00058202,13
00043444,XQ,+101661,+2768,+0626,2016/09/06,15:13:27,+0306943083,-0881945863,+00057933,13
00043444,XQ,+101651,+2763,+0625,2016/09/06,15:13:28,+0306943098,-0881945887,+00057519,13
00043444,XQ,+101663,+2774,+0636,2016/09/06,15:13:29,+0306943105,-0881945906,+00057197,13
00043444,XQ,+101656,+2775,+0623,2016/09/06,15:13:30,+0306943107,-0881945916,+00057172,13
00043444,XQ,+101654,+2782,+0633,2016/09/06,15:13:31,+0306943108,-0881945920,+00057258,13
00043444,XQ,+101651,+2796,+0634,2016/09/06,15:13:32,+0306943106,-0881945920,+00057468,13
00043444,XQ,+101652,+2799,+0634,2016/09/06,15:13:33,+0306943109,-0881945925,+00057502,13
00043444,XQ,+101658,+2793,+0635,2016/09/06,15:13:34,+0306943107,-0881945924,+00057588,13
00043444,XQ,+101660,+2761,+0623,2016/09/06,15:13:35,+0306943110,-0881945922,+00057704,13
00043444,XQ,+101660,+2752,+0624,2016/09/06,15:13:36,+0306943112,-0881945922,+00057799,13
00043444,XQ,+101662,+2763,+0629,2016/09/06,15:13:37,+0306943112,-0881945925,+00057792,13
00043444,XQ,+101649,+2772,+0633,2016/09/06,15:13:38,+0306943111,-0881945927,+00057880,13
00043444,XQ,+101657,+2775,+0624,2016/09/06,15:13:39,+0306943109,-0881945925,+00057940,13
00043444,XQ,+101661,+2772,+0635,2016/09/06,15:13:40,+0306943110,-0881945928,+00057948,13
00043444,XQ,+101649,+2780,+0625,2016/09/06,15:13:41,+0306943112,-0881945924,+00058040,13
00043444,XQ,+101652,+2773,+0627,2016/09/06,15:13:42,+0306943119,-0881945927,+00057993,13
00043444,XQ,+101660,+2789,+0633,2016/09/06,15:13:43,+0306943125,-0881945928,+00057937,13
00043444,XQ,+101655,+2782,+0626,2016/09/06,15:13:44,+0306943136,-0881945922,+00058079,13
00043444,XQ,+101654,+2784,+0635,2016/09/06,15:13:45,+0306943151,-0881945917,+00058201,13
00043444,XQ,+101663,+2782,+0633,2016/09/06,15:13:46,+0306943162,-0881945912,+00058348,13
00043444,XQ,+101655,+2778,+0626,2016/09/06,15:13:47,+0306943173,-0881945904,+00058529,13
00043444,XQ,+101660,+2798,+0635,2016/09/06,15:13:48,+0306943181,-0881945901,+00058772,13
00043444,XQ,+101656,+2798,+0637,2016/09/06,15:13:49,+0306943187,-0881945894,+00059024,13
00043444,XQ,+101655,+2805,+0632,2016/09/06,15:13:50,+0306943195,-0881945890,+00059144,13
00043444,XQ,+101657,+2807,+0634,2016/09/06,15:13:51,+0306943204,-0881945882,+00059284,13
00043444,XQ,+101654,+2811,+0630,2016/09/06,15:13:52,+0306943213,-0881945881,+00059269,13
00043444,XQ,+101661,+2803,+0627,2016/09/06,15:13:53,+0306943224,-0881945883,+00059119,13
00043444,XQ,+101655,+2801,+0627,2016/09/06,15:13:54,+0306943233,-0881945898,+00058695,13
00043444,XQ,+101649,+2814,+0628,2016/09/06,15:13:55,+0306943250,-0881945919,+00058080,13
00043444,XQ,+101660,+2800,+0625,2016/09/06,15:13:56,+0306943259,-0881945922,+00057702,13
00043444,XQ,+101657,+2797,+0620,2016/09/06,15:13:57,+0306943266,-0881945923,+00057267,13
00043444,XQ,+101653,+2799,+0616,2016/09/06,15:13:58,+0306943268,-0881945931,+00056799,13
00043444,XQ,+101661,+2809,+0626,2016/09/06,15:13:59,+0306943274,-0881945943,+00056357,13
00043444,XQ,+101663,+2825,+0624,2016/09/06,15:14:00,+0306943277,-0881945956,+00056038,13
00043444,XQ,+101665,+2828,+0618,2016/09/06,15:14:01,+0306943279,-0881945973,+00055576,13
00043444,XQ,+101669,+2809,+0620,2016/09/06,15:14:02,+0306943280,-0881945992,+00055080,13
00043444,XQ,+101663,+2809,+0616,2016/09/06,15:14:03,+0306943277,-0881946013,+00054563,13
00043444,XQ,+101660,+2789,+0619,2016/09/06,15:14:04,+0306943275,-0881946033,+00054037,13
00043444,XQ,+101646,+2785,+0619,2016/09/06,15:14:05,+0306943272,-0881946046,+00053674,13
00043444,XQ,+101657,+2782,+0617,2016/09/06,15:14:06,+0306943266,-0881946041,+00053632,13
00043444,XQ,+101654,+2784,+0616,2016/09/06,15:14:07,+0306943263,-0881946044,+00053399,13
00043444,XQ,+101649,+2786,+0617,2016/09/06,15:14:08,+0306943255,-0881946044,+00053207,13
00043444,XQ,+101660,+2796,+0620,2016/09/06,15:14:09,+0306943247,-0881946035,+00053223,13
00043444,XQ,+101663,+2796,+0619,2016/09/06,15:14:10,+0306943239,-0881946026,+00053425,13
00043444,XQ,+101654,+2801,+0627,2016/09/06,15:14:11,+0306943234,-0881946017,+00053569,13
00043444,XQ,+101659,+2805,+0633,2016/09/06,15:14:12,+0306943232,-0881945996,+00053964,13
00043444,XQ,+101653,+2791,+0629,2016/09/06,15:14:13,+0306943231,-0881945976,+00054255,13
00043444,XQ,+101664,+2795,+0627,2016/09/06,15:14:14,+0306943232,-0881945957,+00054645,13
00043444,XQ,+101662,+2808,+0636,2016/09/06,15:14:15,+0306943235,-0881945936,+00055095,13
00043444,XQ,+101653,+2789,+0623,2016/09/06,15:14:16,+0306943241,-0881945915,+00055550,13
00043444,XQ,+101663,+2795,+0619,2016/09/06,15:14:17,+0306943242,-0881945897,+00055915,13
00043444,XQ,+101670,+2798,+0619,2016/09/06,15:14:18,+0306943248,-0881945884,+00056325,13
00043444,XQ,+101662,+2795,+0617,2016/09/06,15:14:19,+0306943251,-0881945876,+00056561,13
00043444,XQ,+101655,+2780,+0616,2016/09/06,15:14:20,+0306943251,-0881945865,+00056875,13
00043444,XQ,+101662,+2775,+0615,2016/09/06,15:14:21,+0306943248,-0881945860,+00057055,13
00043444,XQ,+101667,+2779,+0624,2016/09/06,15:14:22,+0306943247,-0881945854,+00057391,13
00043444,XQ,+101663,+2773,+0630,2016/09/06,15:14:23,+0306943242,-0881945842,+00057664,13
00043444,XQ,+101654,+2782,+0637,2016/09/06,15:14:24,+0306943238,-0881945829,+00057933,12
00043444,XQ,+101666,+2796,+0627,2016/09/06,15:14:25,+0306943236,-0881945820,+00058172,12
00043444,XQ,+101665,+2796,+0626,2016/09/06,15:14:26,+0306943229,-0881945814,+00058331,12
00043444,XQ,+101656,+2787,+0626,2016/09/06,15:14:27,+0306943229,-0881945807,+00058536,12
00043444,XQ,+101661,+2784,+0635,2016/09/06,15:14:28,+0306943229,-0881945811,+00058569,12
00043444,XQ,+101654,+2800,+0629,2016/09/06,15:14:29,+0306943233,-0881945820,+00058490,12
00043444,XQ,+101656,+2813,+0637,2016/09/06,15:14:30,+0306943238,-0881945832,+00058389,12
00043444,XQ,+101660,+2814,+0639,2016/09/06,15:14:31,+0306943247,-0881945851,+00058084,12
00043444,XQ,+101663,+2803,+0639,2016/09/06,15:14:32,+0306943246,-0881945855,+00057899,11
00043444,XQ,+101663,+2800,+0634,2016/09/06,15:14:33,+0306943245,-0881945847,+00057903,11
00043444,XQ,+101653,+2798,+0627,2016/09/06,15:14:34,+0306943245,-0881945850,+00057647,11
00043444,XQ,+101658,+2796,+0622,2016/09/06,15:14:35,+0306943250,-0881945854,+00057501,11
00043444,XQ,+101656,+2796,+0624,2016/09/06,15:14:36,+0306943254,-0881945862,+00057339,12
00043444,XQ,+101659,+2802,+0618,2016/09/06,15:14:37,+0306943256,-0881945869,+00057318,12
00043444,XQ,+101654,+2803,+0616,2016/09/06,15:14:38,+0306943259,-0881945884,+00057088,12
00043444,XQ,+101664,+2802,+0615,2016/09/06,15:14:39,+0306943265,-0881945893,+00056940,12
00043444,XQ,+101661,+2804,+0616,2016/09/06,15:14:40,+0306943266,-0881945903,+00056816,12
00043444,XQ,+101654,+2793,+0616,2016/09/06,15:14:41,+0306943262,-0881945909,+00056692,12
00043444,XQ,+101664,+2775,+0617,2016/09/06,15:14:42,+0306943258,-0881945913,+00056506,12
00043444,XQ,+101654,+2766,+0619,2016/09/06,15:14:43,+0306943258,-0881945932,+00056058,12
00043444,XQ,+101652,+2776,+0617,2016/09/06,15:14:44,+0306943259,-0881945946,+00055711,13
00043444,XQ,+101663,+2799,+0620,2016/09/06,15:14:45,+0306943258,-0881945954,+00055492,13
00043444,XQ,+101662,+2816,+0614,2016/09/06,15:14:46,+0306943258,-0881945964,+00055266,12
00043444,XQ,+101663,+2823,+0616,2016/09/06,15:14:47,+0306943255,-0881945976,+00055065,12
00043444,XQ,+101660,+2829,+0616,2016/09/06,15:14:48,+0306943246,-0881945980,+00054934,12
00043444,XQ,+101675,+2827,+0618,2016/09/06,15:14:49,+0306943237,-0881945989,+00054678,12
00043444,XQ,+101663,+2829,+0618,2016/09/06,15:14:50,+0306943237,-0881945996,+00054552,12
00043444,XQ,+101665,+2823,+0618,2016/09/06,15:14:51,+0306943231,-0881946001,+00054469,12
00043444,XQ,+101666,+2827,+0618,2016/09/06,15:14:52,+0306943227,-0881946003,+00054433,12
00043444,XQ,+101658,+2836,+0617,2016/09/06,15:14:53,+0306943217,-0881945997,+00054481,13
00043444,XQ,+101661,+2839,+0620,2016/09/06,15:14:54,+0306943209,-0881945988,+00054597,13
00043444,XQ,+101660,+2839,+0609,2016/09/06,15:14:55,+0306943209,-0881945990,+00054465,12
00043444,XQ,+101658,+2830,+0606,2016/09/06,15:14:56,+0306943210,-0881945990,+00054440,13
00043444,XQ,+101658,+2822,+0607,2016/09/06,15:14:57,+0306943211,-0881945984,+00054396,13
00043444,XQ,+101663,+2816,+0619,2016/09/06,15:14:58,+0306943214,-0881945983,+00054257,12
00043444,XQ,+101660,+2812,+0612,2016/09/06,15:14:59,+0306943215,-0881945974,+00054352,12
00043444,XQ,+101661,+2805,+0617,2016/09/06,15:15:00,+0306943214,-0881945970,+00054305,12
00043444,XQ,+101664,+2818,+0619,2016/09/06,15:15:01,+0306943217,-0881945965,+00054368,12
00043444,XQ,+101658,+2823,+0612,2016/09/06,15:15:02,+0306943222,-0881945958,+00054403,12
00043444,XQ,+101657,+2810,+0616,2016/09/06,15:15:03,+0306943231,-0881945963,+00054279,12
00043444,XQ,+101657,+2805,+0619,2016/09/06,15:15:04,+0306943240,-0881945963,+00054173,12
00043444,XQ,+101666,+2819,+0615,2016/09/06,15:15:05,+0306943245,-0881945962,+00053934,12
00043444,XQ,+101648,+2803,+0618,2016/09/06,15:15:06,+0306943254,-0881945975,+00053606,12
00043444,XQ,+101660,+2803,+0618,2016/09/06,15:15:07,+0306943259,-0881945980,+00053349,12
00043444,XQ,+101653,+2800,+0613,2016/09/06,15:15:08,+0306943262,-0881945986,+00053070,12
00043444,XQ,+101665,+2808,+0617,2016/09/06,15:15:09,+0306943268,-0881945993,+00052700,12
00043444,XQ,+101666,+2812,+0616,2016/09/06,15:15:10,+0306943279,-0881946003,+00052188,12
00043444,XQ,+101665,+2820,+0614,2016/09/06,15:15:11,+0306943290,-0881946011,+00051629,12
00043444,XQ,+101647,+2820,+0615,2016/09/06,15:15:12,+0306943303,-0881946016,+00051356,12
00043444,XQ,+101656,+2825,+0618,2016/09/06,15:15:13,+0306943314,-0881946019,+00051257,12
00043444,XQ,+101656,+2820,+0616,2016/09/06,15:15:14,+0306943323,-0881946023,+00050927,12
00043444,XQ,+101661,+2814,+0613,2016/09/06,15:15:15,+0306943332,-0881946022,+00050791,12
00043444,XQ,+101656,+2809,+0618,2016/09/06,15:15:16,+0306943342,-0881946024,+00050515,12
00043444,XQ,+101649,+2812,+0624,2016/09/06,15:15:17,+0306943351,-0881946025,+00050037,12
00043444,XQ,+101667,+2801,+0627,2016/09/06,15:15:18,+0306943360,-0881946021,+00049714,12
00043444,XQ,+101663,+2810,+0635,2016/09/06,15:15:19,+0306943370,-0881946032,+00049178,12
00043444,XQ,+101659,+2819,+0637,2016/09/06,15:15:20,+0306943366,-0881946036,+00048628,12
00043444,XQ,+101650,+2825,+0635,2016/09/06,15:15:21,+0306943363,-0881946033,+00048381,12
00043444,XQ,+101656,+2845,+0635,2016/09/06,15:15:22,+0306943361,-0881946027,+00048202,12
00043444,XQ,+101656,+2843,+0636,2016/09/06,15:15:23,+0306943362,-0881946028,+00048180,12
00043444,XQ,+101662,+2834,+0635,2016/09/06,15:15:24,+0306943371,-0881946036,+00048180,12
00043444,XQ,+101659,+2820,+0638,2016/09/06,15:15:25,+0306943375,-0881946049,+00048061,12
00043444,XQ,+101657,+2820,+0637,2016/09/06,15:15:26,+0306943381,-0881946053,+00048319,12
00043444,XQ,+101659,+2837,+0635,2016/09/06,15:15:27,+0306943384,-0881946062,+00048596,12
00043444,XQ,+101653,+2843,+0636,2016/09/06,15:15:28,+0306943386,-0881946073,+00048811,12
00043444,XQ,+101666,+2860,+0645,2016/09/06,15:15:29,+0306943388,-0881946081,+00049025,12
00043444,XQ,+101661,+2872,+0644,2016/09/06,15:15:30,+0306943392,-0881946087,+00049200,12
00043444,XQ,+101651,+2889,+0650,2016/09/06,15:15:31,+0306943392,-0881946089,+00049572,12
00043444,XQ,+101644,+2899,+0655,2016/09/06,15:15:32,+0306943387,-0881946093,+00049839,12
00043444,XQ,+101659,+2891,+0648,2016/09/06,15:15:33,+0306943385,-0881946096,+00050037,12
00043444,XQ,+101648,+2885,+0654,2016/09/06,15:15:34,+0306943385,-0881946094,+00050258,12
00043444,XQ,+101663,+2887,+0648,2016/09/06,15:15:35,+0306943381,-0881946087,+00050296,13
00043444,XQ,+101654,+2895,+0636,2016/09/06,15:15:36,+0306943375,-0881946077,+00050482,13
00043444,XQ,+101659,+2894,+0639,2016/09/06,15:15:37,+0306943371,-0881946065,+00050673,13
00043444,XQ,+101651,+2904,+0636,2016/09/06,15:15:38,+0306943364,-0881946057,+00050696,13
00043444,XQ,+101655,+2907,+0640,2016/09/06,15:15:39,+0306943362,-0881946051,+00050694,13
00043444,XQ,+101655,+2906,+0631,2016/09/06,15:15:40,+0306943358,-0881946046,+00050801,13
00043444,XQ,+101661,+2922,+0641,2016/09/06,15:15:41,+0306943358,-0881946039,+00051048,13
00043444,XQ,+101656,+2933,+0642,2016/09/06,15:15:42,+0306943362,-0881946035,+00051178,13
00043444,XQ,+101653,+2930,+0640,2016/09/06,15:15:43,+0306943357,-0881946027,+00051414,13
00043444,XQ,+101669,+2900,+0632,2016/09/06,15:15:44,+0306943361,-0881946028,+00051424,13
00043444,XQ,+101659,+2898,+0633,2016/09/06,15:15:45,+0306943359,-0881946033,+00051291,13
00043444,XQ,+101647,+2882,+0639,2016/09/06,15:15:46,+0306943360,-0881946047,+00051049,13
00043444,XQ,+101650,+2880,+0634,2016/09/06,15:15:47,+0306943357,-0881946064,+00050804,13
00043444,XQ,+101655,+2864,+0623,2016/09/06,15:15:48,+0306943352,-0881946074,+00050671,13
00043444,XQ,+101657,+2863,+0619,2016/09/06,15:15:49,+0306943348,-0881946084,+00050557,13
00043444,XQ,+101655,+2868,+0620,2016/09/06,15:15:50,+0306943339,-0881946091,+00050535,13
00043444,XQ,+101654,+2894,+0623,2016/09/06,15:15:51,+0306943328,-0881946100,+00050456,13
00043444,XQ,+101666,+2904,+0619,2016/09/06,15:15:52,+0306943322,-0881946096,+00050632,13
00043444,XQ,+101657,+2906,+0613,2016/09/06,15:15:53,+0306943315,-0881946093,+00050796,13
00043444,XQ,+101656,+2887,+0619,2016/09/06,15:15:54,+0306943316,-0881946096,+00050860,13
00043444,XQ,+101648,+2852,+0601,2016/09/06,15:15:55,+0306943319,-0881946097,+00051012,13
00043444,XQ,+101651,+2831,+0601,2016/09/06,15:15:56,+0306943316,-0881946093,+00051294,13
00043444,XQ,+101657,+2832,+0602,2016/09/06,15:15:57,+0306943308,-0881946090,+00051495,13
00043444,XQ,+101654,+2832,+0603,2016/09/06,15:15:58,+0306943299,-0881946087,+00051664,13
00043444,XQ,+101652,+2821,+0597,2016/09/06,15:15:59,+0306943286,-0881946074,+00051917,13
00043444,XQ,+101652,+2823,+0601,2016/09/06,15:16:00,+0306943279,-0881946069,+00052007,13
00043444,XQ,+101660,+2829,+0595,2016/09/06,15:16:01,+0306943269,-0881946056,+00052403,13
00043444,XQ,+101650,+2854,+0602,2016/09/06,15:16:02,+0306943262,-0881946056,+00052549,13
00043444,XQ,+101664,+2869,+0603,2016/09/06,15:16:03,+0306943255,-0881946057,+00052672,13
00043444,XQ,+101666,+2876,+0602,2016/09/06,15:16:04,+0306943252,-0881946062,+00052632,13
00043444,XQ,+101661,+2863,+0600,2016/09/06,15:16:05,+0306943254,-0881946064,+00052530,13
00043444,XQ,+101660,+2876,+0603,2016/09/06,15:16:06,+0306943255,-0881946070,+00052454,13
00043444,XQ,+101656,+2913,+0613,2016/09/06,15:16:07,+0306943257,-0881946079,+00052298,13
00043444,XQ,+101660,+2909,+0601,2016/09/06,15:16:08,+0306943259,-0881946086,+00052193,13
00043444,XQ,+101656,+2904,+0601,2016/09/06,15:16:09,+0306943261,-0881946096,+00051994,13
00043444,XQ,+101654,+2913,+0599,2016/09/06,15:16:10,+0306943267,-0881946105,+00051878,13
00043444,XQ,+101641,+2930,+0604,2016/09/06,15:16:11,+0306943278,-0881946109,+00051867,12
00043444,XQ,+101648,+2928,+0598,2016/09/06,15:16:12,+0306943285,-0881946112,+00051899,12
00043444,XQ,+101652,+2948,+0607,2016/09/06,15:16:13,+0306943291,-0881946110,+00052084,12
00043444,XQ,+101654,+2958,+0607,2016/09/06,15:16:14,+0306943293,-0881946106,+00052303,12
00043444,XQ,+101665,+2950,+0603,2016/09/06,15:16:15,+0306943299,-0881946103,+00052546,12
00043444,XQ,+101657,+2935,+0604,2016/09/06,15:16:16,+0306943297,-0881946096,+00052782,12
00043444,XQ,+101669,+2915,+0591,2016/09/06,15:16:17,+0306943295,-0881946088,+00052970,12
00043444,XQ,+101658,+2900,+0599,2016/09/06,15:16:18,+0306943284,-0881946081,+00052992,13
00043444,XQ,+101653,+2882,+0592,2016/09/06,15:16:19,+0306943278,-0881946073,+00053242,12
00043444,XQ,+101650,+2897,+0604,2016/09/06,15:16:20,+0306943266,-0881946063,+00053436,13
00043444,XQ,+101646,+2921,+0602,2016/09/06,15:16:21,+0306943264,-0881946053,+00053566,13
00043444,XQ,+101660,+2930,+0601,2016/09/06,15:16:22,+0306943264,-0881946050,+00053621,13
00043444,XQ,+101663,+2903,+0584,2016/09/06,15:16:23,+0306943263,-0881946046,+00053724,13
00043444,XQ,+101663,+2879,+0580,2016/09/06,15:16:24,+0306943264,-0881946043,+00053892,13
00043444,XQ,+101653,+2896,+0577,2016/09/06,15:16:25,+0306943259,-0881946042,+00054050,13
00043444,XQ,+101662,+2911,+0578,2016/09/06,15:16:26,+0306943253,-0881946026,+00054441,13
00043444,XQ,+101658,+2879,+0575,2016/09/06,15:16:27,+0306943243,-0881946016,+00054657,13
00043444,XQ,+101658,+2839,+0562,2016/09/06,15:16:28,+0306943236,-0881946008,+00054939,13
00043444,XQ,+101654,+2840,+0562,2016/09/06,15:16:29,+0306943229,-0881946007,+00055045,13
00043444,XQ,+101667,+2866,+0578,2016/09/06,15:16:30,+0306943227,-0881946001,+00055257,13
00043444,XQ,+101661,+2861,+0563,2016/09/06,15:16:31,+0306943231,-0881946001,+00055383,13
00043444,XQ,+101653,+2859,+0564,2016/09/06,15:16:32,+0306943238,-0881946001,+00055419,13
00043444,XQ,+101662,+2870,+0582,2016/09/06,15:16:33,+0306943246,-0881946008,+00055395,13
00043444,XQ,+101657,+2881,+0583,2016/09/06,15:16:34,+0306943251,-0881946009,+00055398,13
00043444,XQ,+101658,+2871,+0578,2016/09/06,15:16:35,+0306943261,-0881946014,+00055400,13
00043444,XQ,+101664,+2854,+0579,2016/09/06,15:16:36,+0306943265,-0881946021,+00055134,13
00043444,XQ,+101655,+2826,+0578,2016/09/06,15:16:37,+0306943270,-0881946028,+00054978,13
00043444,XQ,+101661,+2823,+0582,2016/09/06,15:16:38,+0306943274,-0881946038,+00054792,13
00043444,XQ,+101656,+2852,+0587,2016/09/06,15:16:39,+0306943279,-0881946037,+00054759,13
00043444,XQ,+101661,+2887,+0599,2016/09/06,15:16:40,+0306943282,-0881946035,+00054810,13
00043444,XQ,+101653,+2911,+0602,2016/09/06,15:16:41,+0306943280,-0881946033,+00054759,13
00043444,XQ,+101647,+2929,+0601,2016/09/06,15:16:42,+0306943277,-0881946036,+00054546,13
00043444,XQ,+101660,+2914,+0584,2016/09/06,15:16:43,+0306943274,-0881946033,+00054441,13
00043444,XQ,+101670,+2912,+0582,2016/09/06,15:16:44,+0306943269,-0881946021,+00054640,13
00043444,XQ,+101649,+2910,+0582,2016/09/06,15:16:45,+0306943269,-0881946019,+00054673,13
00043444,XQ,+101654,+2877,+0578,2016/09/06,15:16:46,+0306943265,-0881946021,+00054609,13
00043444,XQ,+101657,+2857,+0579,2016/09/06,15:16:47,+0306943260,-0881946006,+00054956,13
00043444,XQ,+101663,+2866,+0581,2016/09/06,15:16:48,+0306943253,-0881946003,+00055084,13
00043444,XQ,+101662,+2879,+0579,2016/09/06,15:16:49,+0306943250,-0881945993,+00055299,13
00043444,XQ,+101648,+2889,+0584,2016/09/06,15:16:50,+0306943246,-0881945976,+00055740,13
00043444,XQ,+101655,+2906,+0581,2016/09/06,15:16:51,+0306943249,-0881945973,+00055890,13
00043444,XQ,+101651,+2908,+0578,2016/09/06,15:16:52,+0306943252,-0881945954,+00056326,13
00043444,XQ,+101652,+2910,+0577,2016/09/06,15:16:53,+0306943255,-0881945946,+00056442,13
00043444,XQ,+101657,+2909,+0582,2016/09/06,15:16:54,+0306943260,-0881945948,+00056336,13
00043444,XQ,+101662,+2888,+0573,2016/09/06,15:16:55,+0306943264,-0881945958,+00056135,13
00043444,XQ,+101667,+2907,+0581,2016/09/06,15:16:56,+0306943267,-0881945960,+00056080,13
00043444,XQ,+101652,+2913,+0572,2016/09/06,15:16:57,+0306943272,-0881945977,+00055788,13
00043444,XQ,+101662,+2900,+0573,2016/09/06,15:16:58,+0306943276,-0881945997,+00055428,13
00043444,XQ,+101666,+2894,+0567,2016/09/06,15:16:59,+0306943280,-0881946012,+00055245,13
00043444,XQ,+101665,+2874,+0563,2016/09/06,15:17:00,+0306943285,-0881946037,+00054785,12
00043444,XQ,+101646,+2858,+0565,2016/09/06,15:17:01,+0306943291,-0881946055,+00054549,13
00043444,XQ,+101661,+2863,+0574,2016/09/06,15:17:02,+0306943290,-0881946061,+00054428,13
00043444,XQ,+101659,+2874,+0578,2016/09/06,15:17:03,+0306943286,-0881946068,+00054265,13
00043444,XQ,+101653,+2888,+0582,2016/09/06,15:17:04,+0306943286,-0881946078,+00054140,13
00043444,XQ,+101663,+2899,+0584,2016/09/06,15:17:05,+0306943285,-0881946080,+00054146,13
00043444,XQ,+101657,+2905,+0574,2016/09/06,15:17:06,+0306943283,-0881946077,+00054262,13
00043444,XQ,+101651,+2885,+0581,2016/09/06,15:17:07,+0306943284,-0881946077,+00054245,13
00043444,XQ,+101650,+2894,+0581,2016/09/06,15:17:08,+0306943281,-0881946067,+00054220,13
00043444,XQ,+101655,+2900,+0583,2016/09/06,15:17:09,+0306943278,-0881946056,+00054192,13
00043444,XQ,+101659,+2906,+0581,2016/09/06,15:17:10,+0306943269,-0881946047,+00054092,13
00043444,XQ,+101662,+2927,+0577,2016/09/06,15:17:11,+0306943266,-0881946034,+00054268,13
00043444,XQ,+101646,+2928,+0578,2016/09/06,15:17:12,+0306943267,-0881946033,+00054260,13
00043444,XQ,+101654,+2948,+0586,2016/09/06,15:17:13,+0306943270,-0881946021,+00054433,13
00043444,XQ,+101663,+2963,+0586,2016/09/06,15:17:14,+0306943272,-0881946007,+00054553,13
00043444,XQ,+101664,+2950,+0581,2016/09/06,15:17:15,+0306943271,-0881945982,+00054797,13
00043444,XQ,+101658,+2946,+0579,2016/09/06,15:17:16,+0306943268,-0881945979,+00054753,13
00043444,XQ,+101661,+2950,+0583,2016/09/06,15:17:17,+0306943262,-0881945957,+00055125,13
00043444,XQ,+101661,+2958,+0579,2016/09/06,15:17:18,+0306943256,-0881945943,+00055322,13
00043444,XQ,+101653,+2956,+0581,2016/09/06,15:17:19,+0306943242,-0881945912,+00055821,13
00043444,XQ,+101662,+2956,+0575,2016/09/06,15:17:20,+0306943232,-0881945887,+00056355,13
00043444,XQ,+101658,+2967,+0585,2016/09/06,15:17:21,+0306943221,-0881945854,+00057131,13
00043444,XQ,+101662,+2958,+0577,2016/09/06,15:17:22,+0306943216,-0881945852,+00057244,13
00043444,XQ,+101649,+2965,+0564,2016/09/06,15:17:23,+0306943206,-0881945838,+00057606,13
00043444,XQ,+101658,+2980,+0562,2016/09/06,15:17:24,+0306943200,-0881945834,+00057808,13
00043444,XQ,+101658,+2954,+0566,2016/09/06,15:17:25,+0306943191,-0881945818,+00058185,13
00043444,XQ,+101658,+2910,+0561,2016/09/06,15:17:26,+0306943181,-0881945781,+00059057,13
00043444,XQ,+101650,+2892,+0561,2016/09/06,15:17:27,+0306943173,-0881945760,+00059547,13
00043444,XQ,+101658,+2881,+0564,2016/09/06,15:17:28,+0306943173,-0881945759,+00059648,13
00043444,XQ,+101653,+2883,+0565,2016/09/06,15:17:29,+0306943173,-0881945752,+00060011,13
00043444,XQ,+101660,+2892,+0567,2016/09/06,15:17:30,+0306943169,-0881945742,+00060427,13
00043444,XQ,+101652,+2903,+0574,2016/09/06,15:17:31,+0306943170,-0881945738,+00060721,13
00043444,XQ,+101669,+2929,+0575,2016/09/06,15:17:32,+0306943168,-0881945733,+00060931,13
00043444,XQ,+101662,+2942,+0581,2016/09/06,15:17:33,+0306943164,-0881945736,+00060869,13
00043444,XQ,+101662,+2928,+0571,2016/09/06,15:17:34,+0306943167,-0881945763,+00060467,13
00043444,XQ,+101650,+2913,+0567,2016/09/06,15:17:35,+0306943168,-0881945787,+00060136,13
00043444,XQ,+101658,+2914,+0577,2016/09/06,15:17:36,+0306943165,-0881945797,+00059960,13
00043444,XQ,+101660,+2927,+0575,2016/09/06,15:17:37,+0306943168,-0881945819,+00059497,13
00043444,XQ,+101669,+2942,+0583,2016/09/06,15:17:38,+0306943170,-0881945845,+00058941,13
00043444,XQ,+101659,+2940,+0582,2016/09/06,15:17:39,+0306943173,-0881945871,+00058463,13
00043444,XQ,+101659,+2922,+0581,2016/09/06,15:17:40,+0306943175,-0881945898,+00057893,13
00043444,XQ,+101667,+2965,+0582,2016/09/06,15:17:41,+0306943177,-0881945928,+00057231,13
00043444,XQ,+101654,+2969,+0577,2016/09/06,15:17:42,+0306943182,-0881945960,+00056654,13
00043444,XQ,+101660,+2932,+0560,2016/09/06,15:17:43,+0306943187,-0881945982,+00056241,13
00043444,XQ,+101659,+2911,+0561,2016/09/06,15:17:44,+0306943192,-0881946009,+00055741,13
00043444,XQ,+101660,+2892,+0562,2016/09/06,15:17:45,+0306943197,-0881946025,+00055439,13
00043444,XQ,+101649,+2900,+0561,2016/09/06,15:17:46,+0306943199,-0881946034,+00055254,13
00043444,XQ,+101660,+2905,+0570,2016/09/06,15:17:47,+0306943198,-0881946030,+00055191,13
00043444,XQ,+101654,+2924,+0569,2016/09/06,15:17:48,+0306943196,-0881946024,+00055204,13
00043444,XQ,+101662,+2944,+0578,2016/09/06,15:17:49,+0306943192,-0881946007,+00055541,13
00043444,XQ,+101661,+2945,+0572,2016/09/06,15:17:50,+0306943191,-0881946003,+00055714,13
00043444,XQ,+101656,+2946,+0577,2016/09/06,15:17:51,+0306943189,-0881945993,+00056071,13
00043444,XQ,+101658,+2939,+0572,2016/09/06,15:17:52,+0306943186,-0881945989,+00056255,13
00043444,XQ,+101655,+2926,+0576,2016/09/06,15:17:53,+0306943182,-0881945984,+00056437,13
00043444,XQ,+101661,+2925,+0579,2016/09/06,15:17:54,+0306943180,-0881945987,+00056441,13
00043444,XQ,+101657,+2942,+0573,2016/09/06,15:17:55,+0306943179,-0881945999,+00056273,13
00043444,XQ,+101656,+2964,+0581,2016/09/06,15:17:56,+0306943177,-0881946009,+00056113,13
00043444,XQ,+101655,+2975,+0585,2016/09/06,15:17:57,+0306943179,-0881946025,+00055966,13
00043444,XQ,+101652,+2990,+0580,2016/09/06,15:17:58,+0306943180,-0881946045,+00055721,13
00043444,XQ,+101660,+3007,+0579,2016/09/06,15:17:59,+0306943180,-0881946058,+00055583,13
00043444,XQ,+101668,+3000,+0574,2016/09/06,15:18:00,+0306943180,-0881946069,+00055435,13
00043444,XQ,+101657,+3004,+0574,2016/09/06,15:18:01,+0306943178,-0881946072,+00055417,13
00043444,XQ,+101665,+2994,+0564,2016/09/06,15:18:02,+0306943176,-0881946076,+00055370,13
00043444,XQ,+101663,+2984,+0567,2016/09/06,15:18:03,+0306943173,-0881946084,+00055235,13
00043444,XQ,+101654,+2989,+0585,2016/09/06,15:18:04,+0306943171,-0881946091,+00055169,13
00043444,XQ,+101656,+2985,+0577,2016/09/06,15:18:05,+0306943164,-0881946083,+00055372,13
00043444,XQ,+101661,+2988,+0577,2016/09/06,15:18:06,+0306943155,-0881946070,+00055697,13
00043444,XQ,+101668,+3000,+0579,2016/09/06,15:18:07,+0306943149,-0881946055,+00056011,13
00043444,XQ,+101662,+2990,+0570,2016/09/06,15:18:08,+0306943144,-0881946040,+00056336,13
00043444,XQ,+101659,+2986,+0571,2016/09/06,15:18:09,+0306943141,-0881946023,+00056690,13
00043444,XQ,+101658,+2973,+0568,2016/09/06,15:18:10,+0306943144,-0881946025,+00056708,12
00043444,XQ,+101649,+2968,+0569,2016/09/06,15:18:11,+0306943143,-0881946019,+00056841,12
00043444,XQ,+101654,+2956,+0565,2016/09/06,15:18:12,+0306943143,-0881946019,+00056877,12
00043444,XQ,+101668,+2939,+0566,2016/09/06,15:18:13,+0306943142,-0881946016,+00056896,12
00043444,XQ,+101651,+2961,+0569,2016/09/06,15:18:14,+0306943144,-0881946024,+00056726,12
00043444,XQ,+101654,+2962,+0572,2016/09/06,15:18:15,+0306943145,-0881946026,+00056675,12
00043444,XQ,+101660,+2948,+0565,2016/09/06,15:18:16,+0306943147,-0881946023,+00056737,12
00043444,XQ,+101657,+2933,+0566,2016/09/06,15:18:17,+0306943152,-0881946031,+00056540,12
00043444,XQ,+101655,+2925,+0549,2016/09/06,15:18:18,+0306943155,-0881946027,+00056609,12
00043444,XQ,+101650,+2913,+0553,2016/09/06,15:18:19,+0306943157,-0881946020,+00056691,12
00043444,XQ,+101657,+2910,+0563,2016/09/06,15:18:20,+0306943161,-0881946012,+00056786,12
00043444,XQ,+101646,+2853,+0644,2016/09/06,15:18:21,+0306943187,-0881945987,+00056652,12
00043444,XQ,+101657,+2848,+0571,2016/09/06,15:18:22,+0306943234,-0881945972,+00056063,13
00043444,XQ,+101667,+2803,+0527,2016/09/06,15:18:23,+0306943289,-0881945948,+00056388,13
00043444,XQ,+101659,+2764,+0516,2016/09/06,15:18:24,+0306943392,-0881945938,+00056266,13
00043444,XQ,+101669,+2780,+0562,2016/09/06,15:18:25,+0306943481,-0881945931,+00055634,13
00043444,XQ,+101670,+2778,+0505,2016/09/06,15:18:26,+0306943595,-0881945891,+00055507,12
00043444,XQ,+101661,+2775,+0506,2016/09/06,15:18:27,+0306943700,-0881945819,+00055428,12
00043444,XQ,+101662,+2787,+0523,2016/09/06,15:18:28,+0306943821,-0881945742,+00055663,12
00043444,XQ,+101658,+2800,+0528,2016/09/06,15:18:29,+0306943949,-0881945686,+00055519,12
00043444,XQ,+101666,+2831,+0521,2016/09/06,15:18:30,+0306944076,-0881945617,+00055806,12
00043444,XQ,+101663,+2846,+0516,2016/09/06,15:18:31,+0306944204,-0881945557,+00055784,12
00043444,XQ,+101664,+2848,+0524,2016/09/06,15:18:32,+0306944308,-0881945496,+00055671,12
00043444,XQ,+101662,+2901,+0526,2016/09/06,15:18:33,+0306944410,-0881945447,+00055438,12
00043444,XQ,+101664,+2903,+0511,2016/09/06,15:18:34,+0306944506,-0881945395,+00055492,12
00043444,XQ,+101675,+2877,+0520,2016/09/06,15:18:35,+0306944552,-0881945351,+00055229,12
00043444,XQ,+101672,+2896,+0513,2016/09/06,15:18:36,+0306944541,-0881945327,+00055238,12
00043444,XQ,+101691,+2959,+0504,2016/09/06,15:18:37,+0306944551,-0881945353,+00055274,12
00043444,XQ,+101683,+3007,+0511,2016/09/06,15:18:38,+0306944522,-0881945350,+00055232,12
00043444,XQ,+101686,+3040,+0526,2016/09/06,15:18:39,+0306944475,-0881945334,+00055321,12
00043444,XQ,+101692,+3055,+0524,2016/09/06,15:18:40,+0306944451,-0881945335,+00055278,12
00043444,XQ,+101688,+3066,+0531,2016/09/06,15:18:41,+0306944454,-0881945315,+00055572,12
00043444,XQ,+101694,+3066,+0529,2016/09/06,15:18:42,+0306944459,-0881945275,+00055807,12
00043444,XQ,+101692,+3044,+0520,2016/09/06,15:18:43,+0306944465,-0881945241,+00055632,13
00043444,XQ,+101689,+3059,+0523,2016/09/06,15:18:44,+0306944470,-0881945218,+00055762,12
00043444,XQ,+101685,+3065,+0523,2016/09/06,15:18:45,+0306944480,-0881945223,+00056132,12
00043444,XQ,+101685,+3064,+0522,2016/09/06,15:18:46,+0306944491,-0881945203,+00056072,12
00043444,XQ,+101697,+3065,+0529,2016/09/06,15:18:47,+0306944500,-0881945173,+00056160,12
00043444,XQ,+101692,+3101,+0533,2016/09/06,15:18:48,+0306944501,-0881945138,+00056572,11
00043444,XQ,+101686,+3056,+0536,2016/09/06,15:18:49,+0306944512,-0881945134,+00056769,11
00043444,XQ,+101695,+3013,+0542,2016/09/06,15:18:50,+0306944514,-0881945122,+00056883,12
00043444,XQ,+101691,+3024,+0693,2016/09/06,15:18:51,+0306944523,-0881945120,+00056732,12
00043444,XQ,+101690,+3083,+0700,2016/09/06,15:18:52,+0306944516,-0881945110,+00057105,12
00043444,XQ,+101687,+3093,+0697,2016/09/06,15:18:53,+0306944512,-0881945124,+00057019,12
00043444,XQ,+101689,+3117,+0674,2016/09/06,15:18:54,+0306944524,-0881945135,+00056457,12
00043444,XQ,+101693,+3113,+0584,2016/09/06,15:18:55,+0306944537,-0881945106,+00056554,12
00043444,XQ,+101684,+3146,+0583,2016/09/06,15:18:56,+0306944552,-0881945028,+00057069,13
00043444,XQ,+101686,+3138,+0582,2016/09/06,15:18:57,+0306944572,-0881944979,+00057322,13
00043444,XQ,+101684,+3138,+0583,2016/09/06,15:18:58,+0306944584,-0881944940,+00057885,13
00043444,XQ,+101680,+3134,+0591,2016/09/06,15:18:59,+0306944580,-0881944945,+00058163,12
00043444,XQ,+101689,+3133,+0600,2016/09/06,15:19:00,+0306944571,-0881944997,+00057498,11
00043444,XQ,+101686,+3133,+0600,2016/09/06,15:19:01,+0306944572,-0881944981,+00058004,10
00043444,XQ,+101680,+3150,+0604,2016/09/06,15:19:02,+0306944577,-0881944971,+00058370,12
00043444,XQ,+101683,+3162,+0605,2016/09/06,15:19:03,+0306944651,-0881944971,+00058237,13
00043444,XQ,+101677,+3166,+0605,2016/09/06,15:19:04,+0306944665,-0881944978,+00058203,13
00043444,XQ,+101686,+3195,+0603,2016/09/06,15:19:05,+0306944655,-0881944941,+00058594,13
00043444,XQ,+101683,+3203,+0605,2016/09/06,15:19:06,+0306944659,-0881944929,+00057922,13
00043444,XQ,+101684,+3216,+0626,2016/09/06,15:19:07,+0306944640,-0881944944,+00058183,13
00043444,XQ,+101672,+3220,+0594,2016/09/06,15:19:08,+0306944615,-0881944910,+00059655,11
00043444,XQ,+101686,+3237,+0586,2016/09/06,15:19:09,+0306944642,-0881944967,+00058923,11
00043444,XQ,+101680,+3230,+0577,2016/09/06,15:19:10,+0306944657,-0881945015,+00058186,11
00043444,XQ,+101685,+3214,+0566,2016/09/06,15:19:11,+0306944624,-0881944937,+00058382,11
00043444,XQ,+101688,+3206,+0576,2016/09/06,15:19:12,+0306944706,-0881945012,+00059698,11
00043444,XQ,+101681,+3197,+0565,2016/09/06,15:19:13,+0306944730,-0881945039,+00059812,11
00043444,XQ,+101685,+3210,+0559,2016/09/06,15:19:14,+0306944760,-0881945140,+00060824,10
00043444,XQ,+101679,+3226,+0553,2016/09/06,15:19:15,+0306944779,-0881945157,+00061289,11
00043444,XQ,+101689,+3218,+0555,2016/09/06,15:19:16,+0306944799,-0881945174,+00061540,11
00043444,XQ,+101686,+3247,+0545,2016/09/06,15:19:17,+0306944807,-0881945185,+00061297,10
00043444,XQ,+101680,+3224,+0528,2016/09/06,15:19:18,+0306944837,-0881945242,+00061588,10
00043444,XQ,+101686,+3225,+0488,2016/09/06,15:19:19,+0306944873,-0881945257,+00061959,10
00043444,XQ,+101673,+3218,+0448,2016/09/06,15:19:20,+0306944895,-0881945232,+00062361,11
00043444,XQ,+101678,+3201,+0450,2016/09/06,15:19:21,+0306944833,-0881945243,+00061552,13
00043444,XQ,+101681,+3177,+0446,2016/09/06,15:19:22,+0306944835,-0881945232,+00061315,13
00043444,XQ,+101685,+3212,+0469,2016/09/06,15:19:23,+0306944848,-0881945268,+00060570,13
00043444,XQ,+101672,+3237,+0447,2016/09/06,15:19:24,+0306944866,-0881945284,+00060372,13
00043444,XQ,+101685,+3308,+0453,2016/09/06,15:19:25,+0306944892,-0881945314,+00060070,13
00043444,XQ,+101680,+3307,+0476,2016/09/06,15:19:26,+0306944881,-0881945283,+00061015,12
00043444,XQ,+101677,+3301,+0449,2016/09/06,15:19:27,+0306944849,-0881945182,+00063234,12
00043444,XQ,+101679,+3290,+0440,2016/09/06,15:19:28,+0306944760,-0881945194,+00063430,13
00043444,XQ,+101677,+3279,+0450,2016/09/06,15:19:29,+0306944781,-0881945256,+00062029,13
00043444,XQ,+101675,+3292,+0458,2016/09/06,15:19:30,+0306944771,-0881945289,+00060560,12
00043444,XQ,+101689,+3258,+0462,2016/09/06,15:19:31,+0306944754,-0881945285,+00060138,12
00043444,XQ,+101681,+3236,+0450,2016/09/06,15:19:32,+0306944719,-0881945258,+00059424,13
00043444,XQ,+101686,+3200,+0439,2016/09/06,15:19:33,+0306944713,-0881945277,+00059228,13
00043444,XQ,+101675,+3160,+0452,2016/09/06,15:19:34,+0306944709,-0881945280,+00058806,13
00043444,XQ,+101682,+3140,+0449,2016/09/06,15:19:35,+0306944691,-0881945256,+00058769,13
00043444,XQ,+101677,+3116,+0438,2016/09/06,15:19:36,+0306944711,-0881945257,+00058703,12
00043444,XQ,+101682,+3113,+0451,2016/09/06,15:19:37,+0306944725,-0881945277,+00058278,12
00043444,XQ,+101689,+3117,+0425,2016/09/06,15:19:38,+0306944727,-0881945274,+00057757,12
00043444,XQ,+101678,+3150,+0428,2016/09/06,15:19:39,+0306944732,-0881945281,+00057135,12
00043444,XQ,+101674,+3172,+0426,2016/09/06,15:19:40,+0306944787,-0881945318,+00056877,11
00043444,XQ,+101691,+3214,+0432,2016/09/06,15:19:41,+0306944729,-0881945299,+00058367,12
00043444,XQ,+101670,+3226,+0471,2016/09/06,15:19:42,+0306944714,-0881945341,+00058635,13
00043444,XQ,+101670,+3209,+0505,2016/09/06,15:19:43,+0306944716,-0881945280,+00058566,12
00043444,XQ,+101683,+3208,+0425,2016/09/06,15:19:44,+0306944697,-0881945193,+00059532,12
00043444,XQ,+101681,+3168,+0442,2016/09/06,15:19:45,+0306944700,-0881945151,+00060121,12
00043444,XQ,+101687,+3123,+0440,2016/09/06,15:19:46,+0306944702,-0881945135,+00059753,11
00043444,XQ,+101676,+3083,+0450,2016/09/06,15:19:47,+0306944711,-0881945121,+00059573,10
00043444,XQ,+101676,+3131,+0451,2016/09/06,15:19:48,+0306944718,-0881945107,+00059218,10
00043444,XQ,+101678,+3158,+0450,2016/09/06,15:19:49,+0306944731,-0881945114,+00058733,10
00043444,XQ,+101679,+3174,+0433,2016/09/06,15:19:50,+0306944726,-0881945103,+00058620,12
00043444,XQ,+101674,+3188,+0434,2016/09/06,15:19:51,+0306944707,-0881945049,+00059295,10
00043444,XQ,+101661,+3197,+0432,2016/09/06,15:19:52,+0306944713,-0881945024,+00059596,11
00043444,XQ,+101660,+3174,+0432,2016/09/06,15:19:53,+0306944704,-0881945007,+00059614,12
00043444,XQ,+101672,+3145,+0431,2016/09/06,15:19:54,+0306944703,-0881945008,+00059404,12
00043444,XQ,+101680,+3128,+0443,2016/09/06,15:19:55,+0306944694,-0881945016,+00059412,12
00043444,XQ,+101671,+3154,+0451,2016/09/06,15:19:56,+0306944678,-0881945001,+00059786,12
00043444,XQ,+101672,+3125,+0418,2016/09/06,15:19:57,+0306944680,-0881945002,+00059443,13
00043444,XQ,+101675,+3087,+0419,2016/09/06,15:19:58,+0306944694,-0881945022,+00058793,13
00043444,XQ,+101671,+3081,+0419,2016/09/06,15:19:59,+0306944706,-0881945019,+00058743,13
00043444,XQ,+101673,+3107,+0427,2016/09/06,15:20:00,+0306944713,-0881945023,+00058625,13
00043444,XQ,+101684,+3125,+0431,2016/09/06,15:20:01,+0306944720,-0881945039,+00058465,13
00043444,XQ,+101682,+3145,+0449,2016/09/06,15:20:02,+0306944745,-0881945065,+00057723,13
00043444,XQ,+101673,+3160,+0447,2016/09/06,15:20:03,+0306944737,-0881945059,+00057867,13
00043444,XQ,+101682,+3176,+0448,2016/09/06,15:20:04,+0306944741,-0881945103,+00056713,13
00043444,XQ,+101684,+3105,+0444,2016/09/06,15:20:05,+0306944742,-0881945106,+00056700,13
00043444,XQ,+101683,+3105,+0440,2016/09/06,15:20:06,+0306944759,-0881945126,+00056509,13
00043444,XQ,+101675,+3100,+0448,2016/09/06,15:20:07,+0306944752,-0881945130,+00056632,13
00043444,XQ,+101671,+3047,+0451,2016/09/06,15:20:08,+0306944759,-0881945154,+00056382,13
00043444,XQ,+101675,+3014,+0441,2016/09/06,15:20:09,+0306944773,-0881945161,+00056128,13
00043444,XQ,+101677,+2970,+0438,2016/09/06,15:20:10,+0306944776,-0881945172,+00056105,13
00043444,XQ,+101675,+2964,+0451,2016/09/06,15:20:11,+0306944759,-0881945149,+00056341,12
00043444,XQ,+101685,+2976,+0449,2016/09/06,15:20:12,+0306944741,-0881945131,+00056962,12
00043444,XQ,+101674,+2988,+0446,2016/09/06,15:20:13,+0306944731,-0881945150,+00057307,12
00043444,XQ,+101675,+3038,+0458,2016/09/06,15:20:14,+0306944733,-0881945170,+00057287,12
00043444,XQ,+101690,+3093,+0469,2016/09/06,15:20:15,+0306944735,-0881945209,+00057105,12
00043444,XQ,+101678,+3121,+0486,2016/09/06,15:20:16,+0306944726,-0881945215,+00057089,11
00043444,XQ,+101680,+3139,+0487,2016/09/06,15:20:17,+0306944720,-0881945220,+00057052,12
00043444,XQ,+101685,+3131,+0491,2016/09/06,15:20:18,+0306944713,-0881945220,+00057427,12
00043444,XQ,+101681,+3095,+0485,2016/09/06,15:20:19,+0306944700,-0881945193,+00058393,12
00043444,XQ,+101672,+3071,+0488,2016/09/06,15:20:20,+0306944695,-0881945120,+00058731,12
00043444,XQ,+101681,+3063,+0505,2016/09/06,15:20:21,+0306944675,-0881945096,+00059135,12
00043444,XQ,+101680,+3079,+0497,2016/09/06,15:20:22,+0306944668,-0881945100,+00059340,13
00043444,XQ,+101672,+3107,+0502,2016/09/06,15:20:23,+0306944667,-0881945091,+00059199,13
00043444,XQ,+101674,+3067,+0501,2016/09/06,15:20:24,+0306944669,-0881945081,+00058840,13
00043444,XQ,+101674,+3006,+0488,2016/09/06,15:20:25,+0306944670,-0881945079,+00058579,13
00043444,XQ,+101672,+3008,+0494,2016/09/06,15:20:26,+0306944676,-0881945071,+00058542,13
00043444,XQ,+101681,+3035,+0495,2016/09/06,15:20:27,+0306944707,-0881945068,+00058303,13
00043444,XQ,+101688,+3041,+0487,2016/09/06,15:20:28,+0306944714,-0881945075,+00058029,13
00043444,XQ,+101681,+3043,+0482,2016/09/06,15:20:29,+0306944719,-0881945073,+00057871,13
00043444,XQ,+101679,+3075,+0492,2016/09/06,15:20:30,+0306944712,-0881945069,+00057400,12
00043444,XQ,+101678,+3113,+0495,2016/09/06,15:20:31,+0306944707,-0881945064,+00057432,12
00043444,XQ,+101670,+3079,+0521,2016/09/06,15:20:32,+0306944713,-0881945054,+00057439,12
00043444,XQ,+101685,+3077,+0485,2016/09/06,15:20:33,+0306944711,-0881945074,+00057128,13
00043444,XQ,+101680,+3053,+0488,2016/09/06,15:20:34,+0306944712,-0881945069,+00057423,13
00043444,XQ,+101673,+2978,+0523,2016/09/06,15:20:35,+0306944767,-0881945062,+00057158,13
00043444,XQ,+101670,+2916,+0542,2016/09/06,15:20:36,+0306944821,-0881945053,+00057068,12
00043444,XQ,+101677,+2847,+0483,2016/09/06,15:20:37,+0306944861,-0881944972,+00056640,12
00043444,XQ,+101667,+2813,+0475,2016/09/06,15:20:38,+0306944847,-0881944932,+00056226,12
00043444,XQ,+101673,+2865,+0507,2016/09/06,15:20:39,+0306944826,-0881944927,+00055996,12
00043444,XQ,+101674,+2889,+0503,2016/09/06,15:20:40,+0306944815,-0881944917,+00055877,12
00043444,XQ,+101674,+2885,+0540,2016/09/06,15:20:41,+0306944851,-0881944952,+00056075,12
00043444,XQ,+101669,+2874,+0483,2016/09/06,15:20:42,+0306944822,-0881944877,+00055854,12
00043444,XQ,+101665,+2932,+0502,2016/09/06,15:20:43,+0306944790,-0881944833,+00055668,12
00043444,XQ,+101659,+2983,+0486,2016/09/06,15:20:44,+0306944773,-0881944823,+00055733,12
00043444,XQ,+101670,+3042,+0481,2016/09/06,15:20:45,+0306944758,-0881944813,+00055890,12
00043444,XQ,+101667,+3125,+0486,2016/09/06,15:20:46,+0306944739,-0881944801,+00055968,12
00043444,XQ,+101677,+3163,+0475,2016/09/06,15:20:47,+0306944726,-0881944793,+00056029,12
00043444,XQ,+101654,+3184,+0478,2016/09/06,15:20:48,+0306944713,-0881944769,+00055817,12
00043444,XQ,+101663,+3230,+0491,2016/09/06,15:20:49,+0306944715,-0881944778,+00055651,12
00043444,XQ,+101666,+3172,+0478,2016/09/06,15:20:50,+0306944732,-0881944772,+00055572,12
00043444,XQ,+101670,+3261,+0480,2016/09/06,15:20:51,+0306944735,-0881944796,+00055754,12
00043444,XQ,+101671,+3266,+0484,2016/09/06,15:20:52,+0306944755,-0881944808,+00055877,12
00043444,XQ,+101673,+3270,+0472,2016/09/06,15:20:53,+0306944756,-0881944791,+00055908,12
00043444,XQ,+101671,+3307,+0481,2016/09/06,15:20:54,+0306944744,-0881944792,+00055915,12
00043444,XQ,+101661,+3329,+0484,2016/09/06,15:20:55,+0306944717,-0881944811,+00055740,12
00043444,XQ,+101663,+3273,+0469,2016/09/06,15:20:56,+0306944772,-0881944790,+00055755,12
00043444,XQ,+101672,+3286,+0467,2016/09/06,15:20:57,+0306944784,-0881944794,+00055600,12
00043444,XQ,+101661,+3218,+0453,2016/09/06,15:20:58,+0306944757,-0881944786,+00055419,12
00043444,XQ,+101678,+3174,+0450,2016/09/06,15:20:59,+0306944749,-0881944771,+00055334,12
00043444,XQ,+101672,+3186,+0451,2016/09/06,15:21:00,+0306944719,-0881944762,+00055115,12
00043444,XQ,+101668,+3201,+0443,2016/09/06,15:21:01,+0306944738,-0881944725,+00055057,12
00043444,XQ,+101674,+3198,+0450,2016/09/06,15:21:02,+0306944724,-0881944736,+00054855,12
00043444,XQ,+101660,+3127,+0444,2016/09/06,15:21:03,+0306944710,-0881944733,+00054787,12
00043444,XQ,+101674,+3111,+0443,2016/09/06,15:21:04,+0306944723,-0881944728,+00054634,12
00043444,XQ,+101672,+3113,+0449,2016/09/06,15:21:05,+0306944686,-0881944718,+00054546,12
00043444,XQ,+101681,+3131,+0449,2016/09/06,15:21:06,+0306944663,-0881944718,+00054510,12
00043444,XQ,+101668,+3141,+0441,2016/09/06,15:21:07,+0306944687,-0881944689,+00054472,12
00043444,XQ,+101662,+3098,+0448,2016/09/06,15:21:08,+0306944667,-0881944691,+00054419,12
00043444,XQ,+101667,+3115,+0447,2016/09/06,15:21:09,+0306944661,-0881944686,+00054449,12
00043444,XQ,+101671,+3186,+0446,2016/09/06,15:21:10,+0306944645,-0881944693,+00054481,12
00043444,XQ,+101673,+3203,+0431,2016/09/06,15:21:11,+0306944596,-0881944723,+00054368,12
00043444,XQ,+101666,+3197,+0427,2016/09/06,15:21:12,+0306944577,-0881944729,+00054259,12
00043444,XQ,+101666,+3174,+0430,2016/09/06,15:21:13,+0306944569,-0881944728,+00054292,12
00043444,XQ,+101667,+3151,+0427,2016/09/06,15:21:14,+0306944460,-0881944767,+00054007,13
00043444,XQ,+101672,+3195,+0429,2016/09/06,15:21:15,+0306944485,-0881944747,+00053905,12
00043444,XQ,+101672,+3262,+0432,2016/09/06,15:21:16,+0306944468,-0881944741,+00053822,12
00043444,XQ,+101658,+3279,+0434,2016/09/06,15:21:17,+0306944433,-0881944758,+00053826,12
00043444,XQ,+101673,+3292,+0416,2016/09/06,15:21:18,+0306944426,-0881944764,+00053754,12
00043444,XQ,+101665,+3270,+0413,2016/09/06,15:21:19,+0306944388,-0881944783,+00053337,12
00043444,XQ,+101672,+3355,+0414,2016/09/06,15:21:20,+0306944380,-0881944795,+00053447,12
00043444,XQ,+101666,+3397,+0416,2016/09/06,15:21:21,+0306944390,-0881944792,+00053143,12
00043444,XQ,+101665,+3458,+0405,2016/09/06,15:21:22,+0306944400,-0881944794,+00052262,12
00043444,XQ,+101675,+3390,+0401,2016/09/06,15:21:23,+0306944362,-0881944815,+00052071,12
00043444,XQ,+101675,+3408,+0415,2016/09/06,15:21:24,+0306944355,-0881944809,+00051502,12
00043444,XQ,+101675,+3424,+0405,2016/09/06,15:21:25,+0306944367,-0881944828,+00051098,12
00043444,XQ,+101669,+3339,+0406,2016/09/06,15:21:26,+0306944364,-0881944865,+00050565,12
00043444,XQ,+101661,+3368,+0408,2016/09/06,15:21:27,+0306944379,-0881944877,+00049856,12
00043444,XQ,+101667,+3450,+0416,2016/09/06,15:21:28,+0306944410,-0881944906,+00049558,12
00043444,XQ,+101662,+3530,+0408,2016/09/06,15:21:29,+0306944376,-0881944938,+00048883,12
00043444,XQ,+101678,+3624,+0394,2016/09/06,15:21:30,+0306944339,-0881944971,+00048020,12
00043444,XQ,+101671,+3532,+0397,2016/09/06,15:21:31,+0306944323,-0881944999,+00048011,12
00043444,XQ,+101665,+3578,+0387,2016/09/06,15:21:32,+0306944307,-0881945028,+00047532,12
00043444,XQ,+101674,+3587,+0385,2016/09/06,15:21:33,+0306944312,-0881945045,+00047511,12
00043444,XQ,+101664,+3597,+0376,2016/09/06,15:21:34,+0306944244,-0881945087,+00046959,12
00043444,XQ,+101667,+3631,+0377,2016/09/06,15:21:35,+0306944200,-0881945126,+00046500,12
00043444,XQ,+101672,+3656,+0380,2016/09/06,15:21:36,+0306944150,-0881945162,+00046103,12
00043444,XQ,+101666,+3660,+0382,2016/09/06,15:21:37,+0306944140,-0881945203,+00045741,12
00043444,XQ,+101666,+3629,+0378,2016/09/06,15:21:38,+0306944113,-0881945248,+00046440,12
00043444,XQ,+101671,+3651,+0377,2016/09/06,15:21:39,+0306944086,-0881945283,+00046159,12
00043444,XQ,+101674,+3590,+0368,2016/09/06,15:21:40,+0306944075,-0881945291,+00046125,12
00043444,XQ,+101679,+3557,+0378,2016/09/06,15:21:41,+0306944115,-0881945286,+00046305,12
00043444,XQ,+101672,+3514,+0378,2016/09/06,15:21:42,+0306944090,-0881945301,+00045555,12
00043444,XQ,+101672,+3481,+0377,2016/09/06,15:21:43,+0306944077,-0881945313,+00045046,12
00043444,XQ,+101668,+3495,+0374,2016/09/06,15:21:44,+0306944035,-0881945335,+00044662,12
00043444,XQ,+101662,+3458,+0372,2016/09/06,15:21:45,+0306944038,-0881945344,+00045126,12
00043444,XQ,+101677,+3456,+0377,2016/09/06,15:21:46,+0306944030,-0881945349,+00044616,12
00043444,XQ,+101675,+3413,+0380,2016/09/06,15:21:47,+0306944078,-0881945327,+00044727,12
00043444,XQ,+101669,+3428,+0381,2016/09/06,15:21:48,+0306944089,-0881945315,+00044574,12
00043444,XQ,+101676,+3417,+0378,2016/09/06,15:21:49,+0306944085,-0881945312,+00044291,12
00043444,XQ,+101662,+3383,+0379,2016/09/06,15:21:50,+0306944055,-0881945314,+00043922,12
00043444,XQ,+101663,+3355,+0377,2016/09/06,15:21:51,+0306944039,-0881945307,+00044005,12
00043444,XQ,+101673,+3319,+0374,2016/09/06,15:21:52,+0306944024,-0881945311,+00043602,12
00043444,XQ,+101670,+3293,+0379,2016/09/06,15:21:53,+0306944009,-0881945311,+00043307,12
00043444,XQ,+101678,+3308,+0372,2016/09/06,15:21:54,+0306944041,-0881945294,+00042903,12
00043444,XQ,+101667,+3328,+0370,2016/09/06,15:21:55,+0306944033,-0881945286,+00042222,12
00043444,XQ,+101668,+3361,+0376,2016/09/06,15:21:56,+0306944012,-0881945298,+00041666,12
00043444,XQ,+101660,+3435,+0372,2016/09/06,15:21:57,+0306943988,-0881945305,+00041047,12
00043444,XQ,+101667,+3515,+0374,2016/09/06,15:21:58,+0306943993,-0881945303,+00041299,12
00043444,XQ,+101673,+3562,+0380,2016/09/06,15:21:59,+0306943994,-0881945304,+00041696,12
00043444,XQ,+101664,+3595,+0369,2016/09/06,15:22:00,+0306943973,-0881945313,+00041371,12
00043444,XQ,+101669,+3554,+0377,2016/09/06,15:22:01,+0306943965,-0881945319,+00041298,12
00043444,XQ,+101666,+3497,+0367,2016/09/06,15:22:02,+0306943969,-0881945311,+00041049,12
00043444,XQ,+101670,+3509,+0377,2016/09/06,15:22:03,+0306943969,-0881945312,+00040870,12
00043444,XQ,+101674,+3511,+0372,2016/09/06,15:22:04,+0306943990,-0881945302,+00041259,12
00043444,XQ,+101655,+3469,+0371,2016/09/06,15:22:05,+0306943974,-0881945304,+00040877,12
00043444,XQ,+101664,+3376,+0377,2016/09/06,15:22:06,+0306943977,-0881945307,+00040913,12
00043444,XQ,+101675,+3336,+0376,2016/09/06,15:22:07,+0306944003,-0881945310,+00040930,12
00043444,XQ,+101664,+3343,+0371,2016/09/06,15:22:08,+0306944014,-0881945309,+00041235,12
00043444,XQ,+101662,+3365,+0372,2016/09/06,15:22:09,+0306944025,-0881945312,+00041517,12
00043444,XQ,+101679,+3439,+0372,2016/09/06,15:22:10,+0306944030,-0881945316,+00041701,12
00043444,XQ,+101673,+3453,+0379,2016/09/06,15:22:11,+0306944086,-0881945285,+00042271,12
00043444,XQ,+101668,+3454,+0371,2016/09/06,15:22:12,+0306944117,-0881945267,+00042383,12
00043444,XQ,+101677,+3514,+0362,2016/09/06,15:22:13,+0306944143,-0881945243,+00042421,12
00043444,XQ,+101678,+3483,+0353,2016/09/06,15:22:14,+0306944161,-0881945229,+00042816,12
00043444,XQ,+101684,+3509,+0361,2016/09/06,15:22:15,+0306944182,-0881945210,+00043067,12
00043444,XQ,+101676,+3532,+0348,2016/09/06,15:22:16,+0306944197,-0881945190,+00043424,12
00043444,XQ,+101683,+3572,+0360,2016/09/06,15:22:17,+0306944207,-0881945176,+00043660,12
00043444,XQ,+101685,+3643,+0348,2016/09/06,15:22:18,+0306944222,-0881945179,+00043716,12
00043444,XQ,+101685,+3677,+0359,2016/09/06,15:22:19,+0306944211,-0881945179,+00043984,12
00043444,XQ,+101677,+3680,+0351,2016/09/06,15:22:20,+0306944232,-0881945172,+00044503,12
00043444,XQ,+101684,+3687,+0348,2016/09/06,15:22:21,+0306944244,-0881945158,+00044728,12
00043444,XQ,+101675,+3687,+0347,2016/09/06,15:22:22,+0306944284,-0881945142,+00045179,12
00043444,XQ,+101681,+3677,+0349,2016/09/06,15:22:23,+0306944328,-0881945135,+00045600,12
00043444,XQ,+101673,+3743,+0340,2016/09/06,15:22:24,+0306944343,-0881945123,+00045719,12
00043444,XQ,+101690,+3774,+0341,2016/09/06,15:22:25,+0306944359,-0881945123,+00045943,12
00043444,XQ,+101680,+3831,+0340,2016/09/06,15:22:26,+0306944370,-0881945126,+00046729,12
00043444,XQ,+101678,+3882,+0342,2016/09/06,15:22:27,+0306944385,-0881945118,+00046788,12
00043444,XQ,+101672,+3882,+0342,2016/09/06,15:22:28,+0306944409,-0881945116,+00047190,12
00043444,XQ,+101680,+3936,+0337,2016/09/06,15:22:29,+0306944416,-0881945119,+00047144,12
00043444,XQ,+101681,+3942,+0340,2016/09/06,15:22:30,+0306944431,-0881945126,+00046772,12
00043444,XQ,+101684,+3898,+0341,2016/09/06,15:22:31,+0306944443,-0881945123,+00046930,12
00043444,XQ,+101685,+3818,+0342,2016/09/06,15:22:32,+0306944446,-0881945122,+00047007,12
00043444,XQ,+101690,+3794,+0337,2016/09/06,15:22:33,+0306944452,-0881945120,+00047236,12
00043444,XQ,+101686,+3771,+0342,2016/09/06,15:22:34,+0306944435,-0881945126,+00047364,12
00043444,XQ,+101690,+3787,+0339,2016/09/06,15:22:35,+0306944406,-0881945133,+00047131,12
00043444,XQ,+101683,+3799,+0337,2016/09/06,15:22:36,+0306944396,-0881945131,+00046954,12
00043444,XQ,+101690,+3589,+0349,2016/09/06,15:22:37,+0306944405,-0881945117,+00047150,12
00043444,XQ,+101699,+3563,+0352,2016/09/06,15:22:38,+0306944409,-0881945115,+00047312,12
00043444,XQ,+101693,+3618,+0348,2016/09/06,15:22:39,+0306944438,-0881945100,+00047491,12
00043444,XQ,+101689,+3657,+0348,2016/09/06,15:22:40,+0306944453,-0881945092,+00048237,12
00043444,XQ,+101690,+3687,+0351,2016/09/06,15:22:41,+0306944480,-0881945086,+00048599,12
00043444,XQ,+101679,+3712,+0357,2016/09/06,15:22:42,+0306944490,-0881945081,+00048946,12
00043444,XQ,+101675,+3685,+0360,2016/09/06,15:22:43,+0306944509,-0881945073,+00049113,12
00043444,XQ,+101677,+3589,+0353,2016/09/06,15:22:44,+0306944543,-0881945049,+00049934,12
00043444,XQ,+101684,+3616,+0354,2016/09/06,15:22:45,+0306944548,-0881945051,+00050153,12
00043444,XQ,+101674,+3613,+0359,2016/09/06,15:22:46,+0306944556,-0881945046,+00050430,12
00043444,XQ,+101682,+3574,+0359,2016/09/06,15:22:47,+0306944567,-0881945048,+00050361,12
00043444,XQ,+101687,+3482,+0357,2016/09/06,15:22:48,+0306944574,-0881945049,+00051080,12
00043444,XQ,+101690,+3427,+0359,2016/09/06,15:22:49,+0306944563,-0881945050,+00051573,12
00043444,XQ,+101677,+3434,+0369,2016/09/06,15:22:50,+0306944533,-0881945063,+00051512,12
00043444,XQ,+101675,+3439,+0365,2016/09/06,15:22:51,+0306944511,-0881945063,+00051488,12
00043444,XQ,+101670,+3378,+0375,2016/09/06,15:22:52,+0306944509,-0881945058,+00051672,12
00043444,XQ,+101685,+3342,+0372,2016/09/06,15:22:53,+0306944474,-0881945078,+00051867,12
00043444,XQ,+101678,+3429,+0378,2016/09/06,15:22:54,+0306944477,-0881945076,+00051980,12
00043444,XQ,+101681,+3389,+0384,2016/09/06,15:22:55,+0306944507,-0881945069,+00052283,12
00043444,XQ,+101680,+3387,+0387,2016/09/06,15:22:56,+0306944551,-0881945055,+00053391,12
00043444,XQ,+101671,+3392,+0396,2016/09/06,15:22:57,+0306944460,-0881945116,+00052680,13
00043444,XQ,+101684,+3427,+0384,2016/09/06,15:22:58,+0306944441,-0881945136,+00052938,12
00043444,XQ,+101667,+3464,+0397,2016/09/06,15:22:59,+0306944462,-0881945134,+00053262,12
00043444,XQ,+101673,+3402,+0396,2016/09/06,15:23:00,+0306944469,-0881945148,+00053448,12
00043444,XQ,+101670,+3395,+0389,2016/09/06,15:23:01,+0306944504,-0881945138,+00053737,12
00043444,XQ,+101674,+3409,+0406,2016/09/06,15:23:02,+0306944554,-0881945126,+00054211,12
00043444,XQ,+101677,+3452,+0406,2016/09/06,15:23:03,+0306944559,-0881945125,+00053835,12
00043444,XQ,+101670,+3360,+0393,2016/09/06,15:23:04,+0306944579,-0881945112,+00054165,12
00043444,XQ,+101671,+3297,+0396,2016/09/06,15:23:05,+0306944591,-0881945112,+00054073,12
00043444,XQ,+101671,+3222,+0393,2016/09/06,15:23:06,+0306944606,-0881945107,+00054094,12
00043444,XQ,+101660,+3166,+0395,2016/09/06,15:23:07,+0306944620,-0881945098,+00054025,12
00043444,XQ,+101672,+3140,+0396,2016/09/06,15:23:08,+0306944657,-0881945083,+00054213,12
00043444,XQ,+101664,+3150,+0400,2016/09/06,15:23:09,+0306944674,-0881945083,+00054352,12
00043444,XQ,+101661,+3133,+0410,2016/09/06,15:23:10,+0306944714,-0881945067,+00054795,12
00043444,XQ,+101659,+3176,+0415,2016/09/06,15:23:11,+0306944708,-0881945059,+00054599,12
00043444,XQ,+101674,+3189,+0408,2016/09/06,15:23:12,+0306944712,-0881945050,+00054649,12
00043444,XQ,+101669,+3172,+0412,2016/09/06,15:23:13,+0306944733,-0881945048,+00054617,12
00043444,XQ,+101659,+3213,+0411,2016/09/06,15:23:14,+0306944724,-0881945056,+00054183,12
00043444,XQ,+101667,+3209,+0415,2016/09/06,15:23:15,+0306944765,-0881945041,+00054573,12
00043444,XQ,+101666,+3180,+0403,2016/09/06,15:23:16,+0306944807,-0881945036,+00054866,12
00043444,XQ,+101666,+3189,+0414,2016/09/06,15:23:17,+0306944832,-0881945033,+00055095,12
00043444,XQ,+101665,+3216,+0413,2016/09/06,15:23:18,+0306944861,-0881945029,+00055433,12
00043444,XQ,+101661,+3228,+0415,2016/09/06,15:23:19,+0306944865,-0881945024,+00055573,12
00043444,XQ,+101659,+3162,+0408,2016/09/06,15:23:20,+0306944834,-0881945026,+00055628,12
00043444,XQ,+101668,+3231,+0413,2016/09/06,15:23:21,+0306944826,-0881945032,+00055570,12
00043444,XQ,+101665,+3290,+0417,2016/09/06,15:23:22,+0306944846,-0881945021,+00055898,12
00043444,XQ,+101667,+3294,+0416,2016/09/06,15:23:23,+0306944868,-0881945008,+00056450,12
00043444,XQ,+101666,+3338,+0408,2016/09/06,15:23:24,+0306944895,-0881944995,+00056488,12
00043444,XQ,+101664,+3387,+0407,2016/09/06,15:23:25,+0306944926,-0881944976,+00056578,12
00043444,XQ,+101665,+3438,+0411,2016/09/06,15:23:26,+0306944947,-0881944955,+00057095,12
00043444,XQ,+101666,+3452,+0412,2016/09/06,15:23:27,+0306944968,-0881944947,+00057872,12
00043444,XQ,+101667,+3468,+0409,2016/09/06,15:23:28,+0306944954,-0881944948,+00057698,12
00043444,XQ,+101667,+3495,+0404,2016/09/06,15:23:29,+0306944966,-0881944938,+00057907,12
00043444,XQ,+101665,+3526,+0406,2016/09/06,15:23:30,+0306944992,-0881944919,+00057826,12
00043444,XQ,+101664,+3504,+0391,2016/09/06,15:23:31,+0306945006,-0881944916,+00057673,12
00043444,XQ,+101673,+3446,+0389,2016/09/06,15:23:32,+0306945019,-0881944904,+00057921,12
00043444,XQ,+101657,+3501,+0389,2016/09/06,15:23:33,+0306945030,-0881944887,+00057940,12
00043444,XQ,+101662,+3464,+0392,2016/09/06,15:23:34,+0306945059,-0881944867,+00058075,12
00043444,XQ,+101662,+3452,+0397,2016/09/06,15:23:35,+0306945061,-0881944852,+00057829,12
00043444,XQ,+101669,+3402,+0395,2016/09/06,15:23:36,+0306945066,-0881944852,+00057829,12
00043444,XQ,+101666,+3375,+0396,2016/09/06,15:23:37,+0306945071,-0881944860,+00057728,12
00043444,XQ,+101672,+3319,+0396,2016/09/06,15:23:38,+0306945052,-0881944855,+00057562,12
00043444,XQ,+101668,+3328,+0389,2016/09/06,15:23:39,+0306945052,-0881944860,+00057342,12
00043444,XQ,+101656,+3356,+0395,2016/09/06,15:23:40,+0306945045,-0881944873,+00057027,12
00043444,XQ,+101665,+3459,+0392,2016/09/06,15:23:41,+0306945022,-0881944876,+00056838,12
00043444,XQ,+101666,+3529,+0393,2016/09/06,15:23:42,+0306945003,-0881944901,+00057124,12
00043444,XQ,+101672,+3584,+0391,2016/09/06,15:23:43,+0306944984,-0881944908,+00057371,12
00043444,XQ,+101663,+3552,+0399,2016/09/06,15:23:44,+0306944963,-0881944917,+00056837,12
00043444,XQ,+101669,+3538,+0398,2016/09/06,15:23:45,+0306944941,-0881944933,+00056449,12
00043444,XQ,+101663,+3524,+0398,2016/09/06,15:23:46,+0306944954,-0881944921,+00056438,12
00043444,XQ,+101678,+3454,+0388,2016/09/06,15:23:47,+0306944923,-0881944921,+00056420,12
00043444,XQ,+101670,+3503,+0395,2016/09/06,15:23:48,+0306944910,-0881944936,+00055742,12
00043444,XQ,+101665,+3505,+0391,2016/09/06,15:23:49,+0306944893,-0881944949,+00055511,12
00043444,XQ,+101656,+3523,+0384,2016/09/06,15:23:50,+0306944899,-0881944982,+00055690,12
00043444,XQ,+101669,+3508,+0378,2016/09/06,15:23:51,+0306944887,-0881945002,+00055289,12
00043444,XQ,+101667,+3513,+0377,2016/09/06,15:23:52,+0306944893,-0881945006,+00055255,12
00043444,XQ,+101672,+3508,+0378,2016/09/06,15:23:53,+0306944883,-0881944995,+00055786,12
00043444,XQ,+101672,+3522,+0379,2016/09/06,15:23:54,+0306944901,-0881945018,+00055526,12
00043444,XQ,+101663,+3540,+0372,2016/09/06,15:23:55,+0306944896,-0881945007,+00055716,12
00043444,XQ,+101668,+3531,+0379,2016/09/06,15:23:56,+0306944884,-0881944988,+00055535,12
00043444,XQ,+101665,+3569,+0376,2016/09/06,15:23:57,+0306944878,-0881944994,+00055527,12
00043444,XQ,+101670,+3562,+0376,2016/09/06,15:23:58,+0306944879,-0881944991,+00055249,12
00043444,XQ,+101669,+3585,+0378,2016/09/06,15:23:59,+0306944892,-0881945003,+00055274,12
00043444,XQ,+101668,+3491,+0378,2016/09/06,15:24:00,+0306944879,-0881945031,+00055924,12
00043444,XQ,+101671,+3463,+0379,2016/09/06,15:24:01,+0306944896,-0881945050,+00055703,12
00043444,XQ,+101675,+3427,+0378,2016/09/06,15:24:02,+0306944908,-0881945052,+00055943,12
00043444,XQ,+101661,+3434,+0376,2016/09/06,15:24:03,+0306944918,-0881945026,+00056067,12
00043444,XQ,+101659,+3507,+0379,2016/09/06,15:24:04,+0306944905,-0881945020,+00055791,12
00043444,XQ,+101670,+3552,+0376,2016/09/06,15:24:05,+0306944912,-0881944998,+00056415,12
00043444,XQ,+101668,+3588,+0373,2016/09/06,15:24:06,+0306944902,-0881944998,+00056451,12
00043444,XQ,+101668,+3600,+0373,2016/09/06,15:24:07,+0306944874,-0881945008,+00055964,12
00043444,XQ,+101674,+3526,+0370,2016/09/06,15:24:08,+0306944841,-0881945025,+00055416,12
00043444,XQ,+101669,+3468,+0372,2016/09/06,15:24:09,+0306944834,-0881945016,+00055318,12
00043444,XQ,+101671,+3517,+0379,2016/09/06,15:24:10,+0306944832,-0881945017,+00055565,12
00043444,XQ,+101672,+3538,+0376,2016/09/06,15:24:11,+0306944821,-0881945030,+00055474,12
00043444,XQ,+101668,+3551,+0377,2016/09/06,15:24:12,+0306944806,-0881945038,+00055179,12
00043444,XQ,+101681,+3600,+0369,2016/09/06,15:24:13,+0306944803,-0881945028,+00054736,12
00043444,XQ,+101676,+3583,+0367,2016/09/06,15:24:14,+0306944799,-0881945044,+00054710,12
00043444,XQ,+101672,+3607,+0379,2016/09/06,15:24:15,+0306944768,-0881945072,+00054175,12
00043444,XQ,+101670,+3612,+0369,2016/09/06,15:24:16,+0306944746,-0881945087,+00053851,12
00043444,XQ,+101667,+3509,+0361,2016/09/06,15:24:17,+0306944732,-0881945092,+00053617,12
00043444,XQ,+101657,+3411,+0362,2016/09/06,15:24:18,+0306944727,-0881945094,+00053572,12
00043444,XQ,+101664,+3364,+0369,2016/09/06,15:24:19,+0306944704,-0881945109,+00053014,12
00043444,XQ,+101663,+3351,+0378,2016/09/06,15:24:20,+0306944721,-0881945111,+00052833,12
00043444,XQ,+101665,+3420,+0378,2016/09/06,15:24:21,+0306944725,-0881945117,+00052695,12
00043444,XQ,+101670,+3412,+0366,2016/09/06,15:24:22,+0306944713,-0881945132,+00052462,12
00043444,XQ,+101670,+3374,+0379,2016/09/06,15:24:23,+0306944703,-0881945146,+00052339,12
00043444,XQ,+101657,+3375,+0377,2016/09/06,15:24:24,+0306944675,-0881945162,+00052054,12
00043444,XQ,+101674,+3424,+0374,2016/09/06,15:24:25,+0306944678,-0881945169,+00052037,12
00043444,XQ,+101664,+3467,+0374,2016/09/06,15:24:26,+0306944696,-0881945145,+00052280,12
00043444,XQ,+101670,+3549,+0379,2016/09/06,15:24:27,+0306944699,-0881945153,+00052331,12
00043444,XQ,+101659,+3578,+0378,2016/09/06,15:24:28,+0306944715,-0881945181,+00052759,12
00043444,XQ,+101674,+3465,+0371,2016/09/06,15:24:29,+0306944736,-0881945164,+00053259,12
00043444,XQ,+101671,+3456,+0373,2016/09/06,15:24:30,+0306944722,-0881945150,+00052834,12
00043444,XQ,+101663,+3503,+0373,2016/09/06,15:24:31,+0306944708,-0881945130,+00053279,12
00043444,XQ,+101666,+3571,+0377,2016/09/06,15:24:32,+0306944671,-0881945137,+00053159,12
00043444,XQ,+101666,+3514,+0379,2016/09/06,15:24:33,+0306944630,-0881945172,+00052872,12
00043444,XQ,+101666,+3472,+0380,2016/09/06,15:24:34,+0306944599,-0881945185,+00052720,12
00043444,XQ,+101679,+3449,+0382,2016/09/06,15:24:35,+0306944611,-0881945194,+00053276,12
00043444,XQ,+101661,+3424,+0369,2016/09/06,15:24:36,+0306944619,-0881945215,+00053417,12
00043444,XQ,+101672,+3428,+0370,2016/09/06,15:24:37,+0306944603,-0881945263,+00052991,12
00043444,XQ,+101673,+3372,+0377,2016/09/06,15:24:38,+0306944585,-0881945248,+00052606,12
00043444,XQ,+101666,+3381,+0370,2016/09/06,15:24:39,+0306944593,-0881945243,+00052619,12
00043444,XQ,+101668,+3384,+0380,2016/09/06,15:24:40,+0306944604,-0881945231,+00052727,12
00043444,XQ,+101658,+3342,+0378,2016/09/06,15:24:41,+0306944617,-0881945226,+00053124,12
00043444,XQ,+101668,+3295,+0374,2016/09/06,15:24:42,+0306944611,-0881945225,+00053092,12
00043444,XQ,+101664,+3268,+0374,2016/09/06,15:24:43,+0306944635,-0881945195,+00053616,12
00043444,XQ,+101670,+3293,+0375,2016/09/06,15:24:44,+0306944641,-0881945178,+00053845,12
00043444,XQ,+101664,+3309,+0380,2016/09/06,15:24:45,+0306944643,-0881945173,+00053871,12
00043444,XQ,+101676,+3339,+0391,2016/09/06,15:24:46,+0306944635,-0881945174,+00053766,12
00043444,XQ,+101677,+3339,+0380,2016/09/06,15:24:47,+0306944615,-0881945197,+00053290,12
00043444,XQ,+101670,+3339,+0374,2016/09/06,15:24:48,+0306944563,-0881945241,+00052287,12
00043444,XQ,+101665,+3366,+0379,2016/09/06,15:24:49,+0306944565,-0881945252,+00052097,12
00043444,XQ,+101670,+3379,+0379,2016/09/06,15:24:50,+0306944556,-0881945238,+00051895,12
00043444,XQ,+101666,+3395,+0387,2016/09/06,15:24:51,+0306944575,-0881945245,+00051690,12
00043444,XQ,+101670,+3410,+0385,2016/09/06,15:24:52,+0306944577,-0881945231,+00051202,12
00043444,XQ,+101668,+3403,+0398,2016/09/06,15:24:53,+0306944566,-0881945233,+00051320,12
00043444,XQ,+101673,+3319,+0377,2016/09/06,15:24:54,+0306944561,-0881945242,+00051037,12
00043444,XQ,+101659,+3287,+0375,2016/09/06,15:24:55,+0306944571,-0881945206,+00051132,12
00043444,XQ,+101671,+3372,+0385,2016/09/06,15:24:56,+0306944555,-0881945185,+00050494,12
00043444,XQ,+101667,+3394,+0391,2016/09/06,15:24:57,+0306944568,-0881945149,+00050221,12
00043444,XQ,+101673,+3404,+0381,2016/09/06,15:24:58,+0306944577,-0881945127,+00050339,12
00043444,XQ,+101670,+3412,+0373,2016/09/06,15:24:59,+0306944580,-0881945121,+00050290,12
00043444,XQ,+101677,+3348,+0376,2016/09/06,15:25:00,+0306944578,-0881945121,+00051081,12
00043444,XQ,+101679,+3318,+0373,2016/09/06,15:25:01,+0306944542,-0881945121,+00051063,12
00043444,XQ,+101677,+3331,+0376,2016/09/06,15:25:02,+0306944563,-0881945113,+00051398,12
00043444,XQ,+101685,+3317,+0375,2016/09/06,15:25:03,+0306944561,-0881945103,+00051663,12
00043444,XQ,+101686,+3249,+0385,2016/09/06,15:25:04,+0306944579,-0881945106,+00051732,12
00043444,XQ,+101679,+3248,+0388,2016/09/06,15:25:05,+0306944585,-0881945094,+00051713,12
00043444,XQ,+101685,+3196,+0391,2016/09/06,15:25:06,+0306944596,-0881945090,+00051993,12
00043444,XQ,+101683,+3161,+0405,2016/09/06,15:25:07,+0306944601,-0881945083,+00051736,12
00043444,XQ,+101681,+3200,+0416,2016/09/06,15:25:08,+0306944607,-0881945069,+00051732,12
00043444,XQ,+101679,+3276,+0413,2016/09/06,15:25:09,+0306944620,-0881945067,+00051444,12
00043444,XQ,+101669,+3225,+0413,2016/09/06,15:25:10,+0306944623,-0881945067,+00050980,12
00043444,XQ,+101683,+3272,+0415,2016/09/06,15:25:11,+0306944628,-0881945067,+00050721,12
00043444,XQ,+101685,+3309,+0412,2016/09/06,15:25:12,+0306944647,-0881945047,+00051155,12
00043444,XQ,+101678,+3342,+0420,2016/09/06,15:25:13,+0306944641,-0881945049,+00051047,12
00043444,XQ,+101679,+3359,+0427,2016/09/06,15:25:14,+0306944644,-0881945032,+00050754,12
00043444,XQ,+101681,+3317,+0431,2016/09/06,15:25:15,+0306944658,-0881945002,+00050918,12
00043444,XQ,+101677,+3335,+0430,2016/09/06,15:25:16,+0306944668,-0881944961,+00051498,12
00043444,XQ,+101681,+3315,+0433,2016/09/06,15:25:17,+0306944642,-0881944952,+00050915,12
00043444,XQ,+101671,+3296,+0426,2016/09/06,15:25:18,+0306944669,-0881944947,+00051431,12
00043444,XQ,+101687,+3270,+0423,2016/09/06,15:25:19,+0306944682,-0881944939,+00051605,12
00043444,XQ,+101679,+3302,+0430,2016/09/06,15:25:20,+0306944679,-0881944932,+00051668,12
00043444,XQ,+101672,+3299,+0430,2016/09/06,15:25:21,+0306944672,-0881944940,+00051799,12
00043444,XQ,+101672,+3228,+0418,2016/09/06,15:25:22,+0306944681,-0881944968,+00051894,12
00043444,XQ,+101672,+3217,+0419,2016/09/06,15:25:23,+0306944681,-0881944968,+00051817,12
00043444,XQ,+101677,+3238,+0429,2016/09/06,15:25:24,+0306944655,-0881944941,+00051764,12
00043444,XQ,+101688,+3236,+0425,2016/09/06,15:25:25,+0306944652,-0881944939,+00051174,12
00043444,XQ,+101674,+3244,+0428,2016/09/06,15:25:26,+0306944654,-0881944955,+00051077,12
00043444,XQ,+101677,+3295,+0428,2016/09/06,15:25:27,+0306944669,-0881944950,+00051421,12
00043444,XQ,+101687,+3259,+0428,2016/09/06,15:25:28,+0306944680,-0881944937,+00051360,12
00043444,XQ,+101685,+3225,+0432,2016/09/06,15:25:29,+0306944687,-0881944951,+00051049,12
00043444,XQ,+101682,+3225,+0431,2016/09/06,15:25:30,+0306944697,-0881944954,+00051220,12
00043444,XQ,+101674,+3247,+0430,2016/09/06,15:25:31,+0306944705,-0881944974,+00051802,12
00043444,XQ,+101678,+3209,+0438,2016/09/06,15:25:32,+0306944730,-0881944993,+00051824,12
00043444,XQ,+101677,+3167,+0451,2016/09/06,15:25:33,+0306944752,-0881945008,+00052253,12
00043444,XQ,+101682,+3155,+0438,2016/09/06,15:25:34,+0306944762,-0881945025,+00052341,12
00043444,XQ,+101679,+3169,+0441,2016/09/06,15:25:35,+0306944747,-0881945031,+00052677,12
00043444,XQ,+101667,+3196,+0450,2016/09/06,15:25:36,+0306944727,-0881945025,+00053129,12
00043444,XQ,+101685,+3229,+0444,2016/09/06,15:25:37,+0306944704,-0881945011,+00053529,12
00043444,XQ,+101676,+3244,+0446,2016/09/06,15:25:38,+0306944681,-0881945032,+00053643,12
00043444,XQ,+101672,+3302,+0450,2016/09/06,15:25:39,+0306944677,-0881945054,+00054019,12
00043444,XQ,+101675,+3365,+0437,2016/09/06,15:25:40,+0306944636,-0881945068,+00053688,12
00043444,XQ,+101679,+3313,+0440,2016/09/06,15:25:41,+0306944569,-0881945086,+00052765,12
00043444,XQ,+101684,+3253,+0447,2016/09/06,15:25:42,+0306944544,-0881945095,+00053076,12
00043444,XQ,+101687,+3211,+0444,2016/09/06,15:25:43,+0306944526,-0881945093,+00053601,12
00043444,XQ,+101687,+3213,+0447,2016/09/06,15:25:44,+0306944499,-0881945095,+00053406,12
00043444,XQ,+101676,+3187,+0448,2016/09/06,15:25:45,+0306944498,-0881945080,+00053422,12
00043444,XQ,+101678,+3076,+0441,2016/09/06,15:25:46,+0306944516,-0881945064,+00053610,12
00043444,XQ,+101685,+3068,+0448,2016/09/06,15:25:47,+0306944516,-0881945056,+00053910,12
00043444,XQ,+101692,+3106,+0443,2016/09/06,15:25:48,+0306944495,-0881945064,+00053653,12
00043444,XQ,+101680,+3223,+0448,2016/09/06,15:25:49,+0306944499,-0881945066,+00053978,12
00043444,XQ,+101685,+3300,+0447,2016/09/06,15:25:50,+0306944518,-0881945059,+00054319,12
00043444,XQ,+101677,+3302,+0440,2016/09/06,15:25:51,+0306944535,-0881945050,+00054624,12
00043444,XQ,+101682,+3258,+0440,2016/09/06,15:25:52,+0306944521,-0881945052,+00054606,12
00043444,XQ,+101680,+3159,+0447,2016/09/06,15:25:53,+0306944535,-0881945047,+00055146,12
00043444,XQ,+101687,+3136,+0451,2016/09/06,15:25:54,+0306944528,-0881945054,+00054916,12
00043444,XQ,+101678,+3130,+0450,2016/09/06,15:25:55,+0306944540,-0881945045,+00055231,12
00043444,XQ,+101680,+3068,+0445,2016/09/06,15:25:56,+0306944528,-0881945047,+00055081,12
00043444,XQ,+101680,+3045,+0452,2016/09/06,15:25:57,+0306944521,-0881945049,+00055053,12
00043444,XQ,+101674,+3066,+0460,2016/09/06,15:25:58,+0306944508,-0881945073,+00054942,12
00043444,XQ,+101684,+3094,+0461,2016/09/06,15:25:59,+0306944530,-0881945082,+00054961,12
00043444,XQ,+101677,+3147,+0459,2016/09/06,15:26:00,+0306944561,-0881945093,+00054912,12
00043444,XQ,+101680,+3173,+0455,2016/09/06,15:26:01,+0306944583,-0881945102,+00055516,12
00043444,XQ,+101687,+3257,+0464,2016/09/06,15:26:02,+0306944583,-0881945103,+00055580,12
00043444,XQ,+101678,+3318,+0454,2016/09/06,15:26:03,+0306944540,-0881945137,+00055387,12
00043444,XQ,+101676,+3388,+0448,2016/09/06,15:26:04,+0306944514,-0881945162,+00055388,12
00043444,XQ,+101677,+3402,+0451,2016/09/06,15:26:05,+0306944500,-0881945156,+00055532,12
00043444,XQ,+101675,+3447,+0452,2016/09/06,15:26:06,+0306944464,-0881945184,+00055541,12
00043444,XQ,+101671,+3458,+0448,2016/09/06,15:26:07,+0306944467,-0881945190,+00055635,12
00043444,XQ,+101681,+3463,+0449,2016/09/06,15:26:08,+0306944436,-0881945205,+00055289,12
00043444,XQ,+101667,+3415,+0448,2016/09/06,15:26:09,+0306944437,-0881945198,+00055545,12
00043444,XQ,+101658,+3309,+0449,2016/09/06,15:26:10,+0306944463,-0881945211,+00055984,12
00043444,XQ,+101671,+3255,+0457,2016/09/06,15:26:11,+0306944462,-0881945235,+00055791,12
00043444,XQ,+101668,+3298,+0461,2016/09/06,15:26:12,+0306944461,-0881945237,+00055360,11
00043444,XQ,+101663,+3276,+0451,2016/09/06,15:26:13,+0306944479,-0881945236,+00055130,11
00043444,XQ,+101667,+3274,+0448,2016/09/06,15:26:14,+0306944485,-0881945241,+00054916,11
00043444,XQ,+101677,+3257,+0449,2016/09/06,15:26:15,+0306944483,-0881945232,+00054651,11
00043444,XQ,+101691,+3202,+0430,2016/09/06,15:26:16,+0306944456,-0881945276,+00054943,11
00043444,XQ,+101666,+3114,+0486,2016/09/06,15:26:17,+0306944403,-0881945264,+00054726,11
00043444,XQ,+101685,+3059,+0449,2016/09/06,15:26:18,+0306944351,-0881945261,+00054600,11
00043444,XQ,+101688,+3060,+0450,2016/09/06,15:26:19,+0306944285,-0881945245,+00054426,11
00043444,XQ,+101689,+3086,+0457,2016/09/06,15:26:20,+0306944294,-0881945171,+00054433,11
00043444,XQ,+101698,+3110,+0458,2016/09/06,15:26:21,+0306944201,-0881945151,+00054335,11
00043444,XQ,+101690,+3048,+0459,2016/09/06,15:26:22,+0306944221,-0881945113,+00053980,12
00043444,XQ,+101694,+3071,+0467,2016/09/06,15:26:23,+0306944240,-0881945100,+00053438,12
00043444,XQ,+101695,+3075,+0470,2016/09/06,15:26:24,+0306944263,-0881945098,+00053143,12
00043444,XQ,+101697,+3094,+0467,2016/09/06,15:26:25,+0306944257,-0881945097,+00052635,12
00043444,XQ,+101697,+3119,+0485,2016/09/06,15:26:26,+0306944250,-0881945096,+00052351,12
00043444,XQ,+101693,+3124,+0487,2016/09/06,15:26:27,+0306944233,-0881945076,+00051946,11
00043444,XQ,+101697,+3126,+0480,2016/09/06,15:26:28,+0306944283,-0881945064,+00052281,11
00043444,XQ,+101690,+3100,+0480,2016/09/06,15:26:29,+0306944329,-0881945082,+00052732,11
00043444,XQ,+101687,+3086,+0487,2016/09/06,15:26:30,+0306944378,-0881945093,+00053046,11
00043444,XQ,+101694,+3108,+0509,2016/09/06,15:26:31,+0306944425,-0881945121,+00053665,11
00043444,XQ,+101694,+3114,+0494,2016/09/06,15:26:32,+0306944484,-0881945085,+00054246,12
00043444,XQ,+101690,+3132,+0522,2016/09/06,15:26:33,+0306944483,-0881945030,+00055255,12
00043444,XQ,+101691,+3155,+0527,2016/09/06,15:26:34,+0306944559,-0881944969,+00056393,11
00043444,XQ,+101694,+3151,+0524,2016/09/06,15:26:35,+0306944667,-0881944987,+00056475,10
00043444,XQ,+101694,+3167,+0527,2016/09/06,15:26:36,+0306944691,-0881944972,+00056994,11
00043444,XQ,+101685,+2907,+0505,2016/09/06,15:30:33,+0307034354,-0881982116,+00021303,04
00043444,XQ,+101694,+2909,+0501,2016/09/06,15:30:34,+0307034197,-0881982042,+00018584,04
00043444,XQ,+101683,+2922,+0513,2016/09/06,15:30:35,+0307034236,-0881982084,+00019063,04
00043444,XQ,+101680,+2911,+0621,2016/09/06,15:30:36,+0307033788,-0881981800,+00021910,04
00043444,XQ,+101680,+2922,+0595,2016/09/06,15:30:37,+0307034185,-0881981920,+00026024,04
00043444,XQ,+101701,+2913,+0500,2016/09/06,15:30:38,+0307037004,-0881983163,+00030912,04
00043444,XQ,+101695,+2920,+0562,2016/09/06,15:30:39,+0307049108,-0881988492,+00038647,04
00043444,XQ,+101706,+2988,+0515,2016/09/06,15:30:40,+0307048507,-0881988305,+00039355,04
00043444,XQ,+101696,+3079,+0523,2016/09/06,15:30:41,+0307048025,-0881988213,+00040426,04
00043444,XQ,+101695,+3141,+0602,2016/09/06,15:30:46,+0307026662,-0881978967,+00062157,04
00043444,XQ,+101695,+3198,+0602,2016/09/06,15:30:47,+0307026589,-0881978898,+00062048,04
00043444,XQ,+101695,+3228,+0606,2016/09/06,15:30:48,+0307026449,-0881978790,+00062063,04
00043444,XQ,+101701,+3276,+0605,2016/09/06,15:30:49,+0307026292,-0881978685,+00062098,04
00043444,XQ,+101700,+3332,+0606,2016/09/06,15:30:50,+0307026147,-0881978570,+00062179,04
00043444,XQ,+101697,+3354,+0585,2016/09/06,15:30:51,+0307025971,-0881978437,+00062295,04
00043444,XQ,+101688,+3374,+0507,2016/09/06,15:30:52,+0307025792,-0881978316,+00062411,04
00043444,XQ,+101700,+3354,+0508,2016/09/06,15:30:53,+0307025605,-0881978211,+00062518,04
00043444,XQ,+101696,+3328,+0564,2016/09/06,15:30:54,+0307025449,-0881978125,+00062590,04
00043444,XQ,+101695,+3307,+0565,2016/09/06,15:30:55,+0307025282,-0881978023,+00062809,04
00043444,XQ,+101699,+3298,+0569,2016/09/06,15:30:56,+0307025150,-0881977961,+00062831,04
00043444,XQ,+101712,+3299,+0546,2016/09/06,15:30:57,+0307025022,-0881977917,+00062632,04
00043444,XQ,+101700,+3385,+0546,2016/09/06,15:31:18,+0307014251,-0881972161,+00057058,04
00043444,XQ,+101692,+3335,+0547,2016/09/06,15:31:19,+0307013831,-0881971981,+00057135,04
00043444,XQ,+101706,+3252,+0544,2016/09/06,15:31:20,+0307013407,-0881971810,+00057576,04
00043444,XQ,+101695,+3223,+0556,2016/09/06,15:31:21,+0307013214,-0881971743,+00057854,04
00043444,XQ,+101684,+2996,+0543,2016/09/06,15:31:27,+0307014756,-0881972610,+00062873,04
00043444,XQ,+101664,+3006,+0554,2016/09/06,15:31:28,+0307014354,-0881972525,+00062709,04
00043444,XQ,+101666,+3042,+0564,2016/09/06,15:31:29,+0307013942,-0881972408,+00062863,04
00043444,XQ,+101657,+3043,+0580,2016/09/06,15:31:30,+0307013858,-0881972376,+00062567,04
00043444,XQ,+101669,+3056,+0583,2016/09/06,15:31:31,+0307013387,-0881972102,+00062156,04
00043444,XQ,+101667,+3044,+0588,2016/09/06,15:31:32,+0307013577,-0881972184,+00061984,04
00043444,XQ,+101683,+3071,+0584,2016/09/06,15:31:33,+0307013008,-0881971873,+00061863,04
00043444,XQ,+101679,+3056,+0586,2016/09/06,15:31:34,+0307012955,-0881971943,+00061623,04
00043444,XQ,+101680,+3052,+0605,2016/09/06,15:31:35,+0307013036,-0881971977,+00061508,04
00043444,XQ,+101699,+3049,+0589,2016/09/06,15:31:36,+0307012928,-0881971900,+00061078,04
00043444,XQ,+101702,+3108,+0596,2016/09/06,15:31:37,+0307012607,-0881971781,+00060398,04
00043444,XQ,+101698,+3114,+0603,2016/09/06,15:31:38,+0307012211,-0881971616,+00059748,04
00043444,XQ,+101694,+3152,+0598,2016/09/06,15:31:39,+0307011758,-0881971411,+00059601,04
00043444,XQ,+101699,+3152,+0604,2016/09/06,15:31:40,+0307011962,-0881971542,+00058834,04
00043444,XQ,+101700,+3167,+0599,2016/09/06,15:31:41,+0307012361,-0881971735,+00058919,04
00043444,XQ,+101694,+3182,+0601,2016/09/06,15:31:42,+0307012753,-0881971937,+00058595,04
00043444,XQ,+101694,+3187,+0605,2016/09/06,15:31:43,+0307012690,-0881971905,+00058708,04
00043444,XQ,+101697,+3181,+0605,2016/09/06,15:31:44,+0307013071,-0881972096,+00058369,04
00043444,XQ,+101686,+3206,+0602,2016/09/06,15:31:45,+0307013107,-0881972109,+00058768,04
00043444,XQ,+101700,+3229,+0587,2016/09/06,15:31:46,+0307012693,-0881971937,+00058406,04
00043444,XQ,+101697,+3246,+0585,2016/09/06,15:31:47,+0307012597,-0881971922,+00058209,04
00043444,XQ,+101693,+3147,+0547,2016/09/06,15:32:02,+0307006205,-0881968095,+00061760,04
00043444,XQ,+101678,+3106,+0543,2016/09/06,15:32:03,+0307006388,-0881968174,+00060848,04
00043444,XQ,+101652,+2995,+0546,2016/09/06,15:32:09,+0307007002,-0881968662,+00061706,04
00043444,XQ,+101665,+2957,+0544,2016/09/06,15:32:10,+0307005886,-0881968309,+00061265,04
00043444,XQ,+101645,+3007,+0546,2016/09/06,15:32:11,+0307003802,-0881967431,+00061062,04
00043444,XQ,+101634,+3002,+0544,2016/09/06,15:32:12,+0307003105,-0881967207,+00061146,04
00043444,XQ,+101633,+2950,+0551,2016/09/06,15:32:13,+0307003066,-0881967412,+00061122,04
00043444,XQ,+101629,+2911,+0556,2016/09/06,15:32:14,+0307002956,-0881967626,+00061127,04
00043444,XQ,+101621,+2916,+0569,2016/09/06,15:32:15,+0307003844,-0881968249,+00061216,04
00043444,XQ,+101620,+2899,+0564,2016/09/06,15:32:16,+0307003738,-0881968357,+00061035,04
00043444,XQ,+101618,+2856,+0557,2016/09/06,15:32:17,+0307002803,-0881968152,+00060674,04
00043444,XQ,+101607,+2803,+0560,2016/09/06,15:32:18,+0307005209,-0881969280,+00061010,04
00043444,XQ,+101595,+2828,+0580,2016/09/06,15:32:19,+0307004914,-0881969266,+00060888,04
00043444,XQ,+101600,+2863,+0583,2016/09/06,15:32:20,+0307004426,-0881969176,+00060670,04
00043444,XQ,+101550,+2836,+0614,2016/09/06,15:32:37,+0306988935,-0881962516,+00035282,04
00043444,XQ,+101556,+2874,+0593,2016/09/06,15:32:38,+0306989232,-0881962147,+00047898,04
00043444,XQ,+101549,+2904,+0564,2016/09/06,15:32:39,+0306990353,-0881962513,+00053948,04
00043444,XQ,+101550,+2907,+0555,2016/09/06,15:32:40,+0306990730,-0881962375,+00059204,04
00043444,XQ,+101559,+2930,+0581,2016/09/06,15:32:48,+0307007149,-0881971061,+00066752,04
00043444,XQ,+101571,+2911,+0579,2016/09/06,15:32:49,+0307010743,-0881972605,+00067791,04
00043444,XQ,+101572,+2876,+0591,2016/09/06,15:32:50,+0307013256,-0881973660,+00067928,04
00043444,XQ,+101584,+2894,+0595,2016/09/06,15:32:51,+0307015106,-0881974470,+00068304,04
00043444,XQ,+101580,+2885,+0595,2016/09/06,15:32:52,+0307018867,-0881976121,+00068733,04
00043444,XQ,+101579,+2866,+0592,2016/09/06,15:32:53,+0307020222,-0881976692,+00068824,04
00043444,XQ,+101583,+2851,+0598,2016/09/06,15:32:54,+0307021218,-0881977160,+00068657,04
00043444,XQ,+101583,+2842,+0615,2016/09/06,15:32:55,+0307021172,-0881977190,+00068292,04
00043444,XQ,+101585,+2861,+0615,2016/09/06,15:32:56,+0307021861,-0881977484,+00068086,04
00043444,XQ,+101587,+2874,+0638,2016/09/06,15:32:57,+0307021631,-0881977380,+00067903,04
00043444,XQ,+101592,+2891,+0625,2016/09/06,15:32:58,+0307020278,-0881976762,+00067575,04
00043444,XQ,+101589,+2900,+0609,2016/09/06,15:32:59,+0307020434,-0881976860,+00067001,04
00043444,XQ,+101594,+2910,+0612,2016/09/06,15:33:00,+0307021473,-0881977307,+00066796,04
00043444,XQ,+101596,+2822,+0613,2016/09/06,15:33:07,+0307018711,-0881975906,+00065891,04
00043444,XQ,+101592,+2835,+0615,2016/09/06,15:33:08,+0307018767,-0881975935,+00066232,04
00043444,XQ,+101600,+2856,+0632,2016/09/06,15:33:09,+0307018764,-0881975908,+00066050,04
00043444,XQ,+101596,+2873,+0632,2016/09/06,15:33:10,+0307018920,-0881975932,+00065842,04
00043444,XQ,+101596,+2880,+0632,2016/09/06,15:33:11,+0307018978,-0881975973,+00065895,04
00043444,XQ,+101585,+2921,+0654,2016/09/06,15:33:12,+0307018738,-0881975856,+00065803,04
00043444,XQ,+101584,+2877,+0619,2016/09/06,15:33:28,+0307019498,-0881975749,+00063745,04
00043444,XQ,+101590,+2857,+0614,2016/09/06,15:33:29,+0307019592,-0881975791,+00063251,04
00043444,XQ,+101582,+2874,+0614,2016/09/06,15:33:30,+0307019817,-0881975984,+00063060,04
00043444,XQ,+101594,+2905,+0607,2016/09/06,15:33:31,+0307020335,-0881976144,+00063287,04
00043444,XQ,+101591,+2862,+0618,2016/09/06,15:33:37,+0307021100,-0881976445,+00061699,04
00043444,XQ,+101589,+2877,+0619,2016/09/06,15:33:38,+0307020734,-0881976313,+00062443,04
00043444,XQ,+101586,+2871,+0612,2016/09/06,15:33:39,+0307020000,-0881976023,+00062790,04
00043444,XQ,+101594,+2865,+0616,2016/09/06,15:33:40,+0307019312,-0881975765,+00062946,04
00043444,XQ,+101594,+2854,+0616,2016/09/06,15:33:41,+0307019719,-0881975891,+00062514,04
00043444,XQ,+101595,+2893,+0634,2016/09/06,15:33:47,+0307022160,-0881977116,+00061556,04
00043444,XQ,+101583,+2865,+0635,2016/09/06,15:33:48,+0307023013,-0881977470,+00061601,04
00043444,XQ,+101584,+2889,+0634,2016/09/06,15:33:49,+0307023017,-0881977414,+00061488,04
00043444,XQ,+101581,+2904,+0638,2016/09/06,15:33:50,+0307022908,-0881977386,+00061211,04
00043444,XQ,+101593,+2881,+0634,2016/09/06,15:33:51,+0307022460,-0881977181,+00061287,04
00043444,XQ,+101586,+2884,+0638,2016/09/06,15:33:52,+0307022148,-0881977024,+00061594,04
00043444,XQ,+101574,+2871,+0631,2016/09/06,15:33:53,+0307023195,-0881977459,+00061690,04
00043444,XQ,+101577,+2885,+0635,2016/09/06,15:33:54,+0307022858,-0881977309,+00061711,04
00043444,XQ,+101580,+2895,+0645,2016/09/06,15:33:55,+0307022955,-0881977314,+00061970,04
00043444,XQ,+101572,+2901,+0655,2016/09/06,15:33:56,+0307023238,-0881977418,+00061997,04
00043444,XQ,+101576,+2880,+0653,2016/09/06,15:33:57,+0307023950,-0881977669,+00062203,04
00043444,XQ,+101577,+2877,+0655,2016/09/06,15:33:58,+0307023305,-0881977441,+00062527,04
00043444,XQ,+101579,+2843,+0639,2016/09/06,15:33:59,+0307023141,-0881977403,+00062804,04
00043444,XQ,+101582,+2818,+0580,2016/09/06,15:34:05,+0307017806,-0881974971,+00063425,04
00043444,XQ,+101580,+2822,+0596,2016/09/06,15:34:06,+0307018021,-0881975032,+00063960,04
00043444,XQ,+101584,+2838,+0599,2016/09/06,15:34:07,+0307017294,-0881974636,+00063494,04
00043444,XQ,+101592,+2827,+0589,2016/09/06,15:34:08,+0307017336,-0881974564,+00063212,04
00043444,XQ,+101583,+2840,+0597,2016/09/06,15:34:09,+0307016978,-0881974393,+00063131,04
00043444,XQ,+101577,+2846,+0598,2016/09/06,15:34:10,+0307016960,-0881974392,+00063187,04
00043444,XQ,+101583,+2825,+0590,2016/09/06,15:34:37,+0307011525,-0881971718,+00069539,04
00043444,XQ,+101598,+2826,+0597,2016/09/06,15:34:38,+0307010264,-0881971147,+00071463,04
00043444,XQ,+101589,+2829,+0602,2016/09/06,15:34:39,+0307010059,-0881971076,+00071977,04
00043444,XQ,+101579,+2855,+0612,2016/09/06,15:34:40,+0307010883,-0881971377,+00072151,04
00043444,XQ,+101582,+2855,+0607,2016/09/06,15:34:41,+0307010912,-0881971381,+00072098,04
00043444,XQ,+101589,+2849,+0616,2016/09/06,15:34:42,+0307010465,-0881971177,+00072229,04
00043444,XQ,+101602,+2824,+0604,2016/09/06,15:34:43,+0307011699,-0881971586,+00072582,04
00043444,XQ,+101593,+2819,+0606,2016/09/06,15:34:44,+0307010569,-0881971022,+00072382,04
00043444,XQ,+101589,+2821,+0615,2016/09/06,15:34:45,+0307010961,-0881971094,+00072731,04
00043444,XQ,+101577,+2823,+0613,2016/09/06,15:34:46,+0307009977,-0881970695,+00072589,04
00043444,XQ,+101585,+2822,+0615,2016/09/06,15:34:47,+0307011671,-0881971361,+00073034,04
00043444,XQ,+101583,+2849,+0612,2016/09/06,15:34:48,+0307012273,-0881971587,+00073445,04
00043444,XQ,+101581,+2851,+0619,2016/09/06,15:34:49,+0307012571,-0881971652,+00074219,04
00043444,XQ,+101585,+2838,+0619,2016/09/06,15:34:50,+0307013267,-0881971908,+00074515,04
00043444,XQ,+101594,+2848,+0618,2016/09/06,15:34:51,+0307011817,-0881971329,+00074169,04
00043444,XQ,+101587,+2828,+0628,2016/09/06,15:34:52,+0307011857,-0881971298,+00074734,04
00043444,XQ,+101587,+2814,+0631,2016/09/06,15:34:53,+0307012647,-0881971585,+00075333,04
00043444,XQ,+101585,+2796,+0628,2016/09/06,15:34:54,+0307012187,-0881971382,+00075580,04
00043444,XQ,+101580,+2804,+0630,2016/09/06,15:34:55,+0307012495,-0881971519,+00075623,04
00043444,XQ,+101584,+2821,+0626,2016/09/06,15:34:56,+0307011196,-0881971002,+00075313,04
00043444,XQ,+101590,+2835,+0626,2016/09/06,15:34:57,+0307010919,-0881970927,+00074835,04
00043444,XQ,+101591,+2850,+0637,2016/09/06,15:34:58,+0307011793,-0881971292,+00074874,04
00043444,XQ,+101586,+2855,+0627,2016/09/06,15:34:59,+0307011986,-0881971358,+00074944,04
00043444,XQ,+101584,+2851,+0626,2016/09/06,15:35:00,+0307012327,-0881971531,+00075152,04
00043444,XQ,+101600,+2843,+0637,2016/09/06,15:35:01,+0307012358,-0881971559,+00074821,04
00043444,XQ,+101597,+2844,+0624,2016/09/06,15:35:02,+0307012988,-0881971951,+00072066,04
00043444,XQ,+101588,+2802,+0631,2016/09/06,15:35:11,+0307010533,-0881971198,+00067189,04
00043444,XQ,+101589,+2811,+0627,2016/09/06,15:35:12,+0307012198,-0881971920,+00066739,04
00043444,XQ,+101590,+2844,+0633,2016/09/06,15:35:13,+0307012198,-0881971914,+00066622,04
00043444,XQ,+101586,+2862,+0635,2016/09/06,15:35:14,+0307012373,-0881972006,+00066623,04
00043444,XQ,+101601,+2765,+0642,2016/09/06,15:35:54,+0306992527,-0881962798,+00064510,04
00043444,XQ,+101603,+2789,+0676,2016/09/06,15:36:03,+0306993617,-0881963336,+00064559,04
00043444,XQ,+101585,+2785,+0683,2016/09/06,15:36:04,+0306993048,-0881963167,+00063539,04
00043444,XQ,+101585,+2854,+0645,2016/09/06,15:37:00,+0307001880,-0881966434,+00065420,04
00043444,XQ,+101580,+2824,+0656,2016/09/06,15:37:01,+0307000098,-0881965731,+00065588,04
00043444,XQ,+101566,+2857,+0658,2016/09/06,15:37:02,+0307001026,-0881966083,+00065482,04
00043444,XQ,+101572,+2875,+0659,2016/09/06,15:37:03,+0307000778,-0881965960,+00065301,04
00043444,XQ,+101588,+2866,+0648,2016/09/06,15:37:04,+0307000954,-0881966024,+00065198,04
00043444,XQ,+101585,+2875,+0657,2016/09/06,15:37:05,+0307000724,-0881965931,+00065035,04
00043444,XQ,+101585,+2887,+0649,2016/09/06,15:37:06,+0307002261,-0881966419,+00064632,04
00043444,XQ,+101582,+2886,+0654,2016/09/06,15:37:07,+0307003156,-0881966679,+00064415,04
00043444,XQ,+101591,+2890,+0649,2016/09/06,15:37:08,+0307004025,-0881967029,+00065151,04
00043444,XQ,+101602,+2864,+0657,2016/09/06,15:37:09,+0307004324,-0881967155,+00065510,04
00043444,XQ,+101587,+2860,+0656,2016/09/06,15:37:10,+0307004961,-0881967443,+00065763,04
00043444,XQ,+101584,+2861,+0657,2016/09/06,15:37:16,+0307006960,-0881968175,+00063092,04
00043444,XQ,+101585,+2872,+0660,2016/09/06,15:37:17,+0307006863,-0881968034,+00063828,04
00043444,XQ,+101581,+2884,+0638,2016/09/06,15:37:18,+0307006515,-0881967906,+00064471,04
00043444,XQ,+101586,+2896,+0629,2016/09/06,15:37:24,+0307000798,-0881965589,+00060660,04
00043444,XQ,+101599,+2883,+0631,2016/09/06,15:37:25,+0307001479,-0881965772,+00060505,04
00043444,XQ,+101584,+2896,+0618,2016/09/06,15:37:26,+0307002148,-0881966056,+00060015,04
00043444,XQ,+101586,+2877,+0621,2016/09/06,15:37:27,+0307002275,-0881966102,+00059720,04
00043444,XQ,+101590,+2845,+0619,2016/09/06,15:37:28,+0307002465,-0881966180,+00059552,04
00043444,XQ,+101576,+2835,+0618,2016/09/06,15:37:29,+0307001666,-0881965832,+00059287,04
00043444,XQ,+101582,+2818,+0611,2016/09/06,15:37:30,+0307001482,-0881965619,+00059216,04
00043444,XQ,+101591,+2819,+0609,2016/09/06,15:37:31,+0307001009,-0881965474,+00059200,04
00043444,XQ,+101583,+2835,+0617,2016/09/06,15:37:32,+0307002514,-0881966153,+00059466,04
00043444,XQ,+101585,+2857,+0621,2016/09/06,15:37:33,+0307001387,-0881965689,+00059714,04
00043444,XQ,+101589,+2885,+0639,2016/09/06,15:37:34,+0307002514,-0881966109,+00059184,04
00043444,XQ,+101595,+2883,+0638,2016/09/06,15:37:35,+0307002773,-0881966230,+00058786,04
00043444,XQ,+101576,+2887,+0637,2016/09/06,15:37:36,+0307003623,-0881966465,+00059170,04
00043444,XQ,+101585,+2908,+0649,2016/09/06,15:37:37,+0307003660,-0881966471,+00059570,04
00043444,XQ,+101578,+2888,+0637,2016/09/06,15:37:38,+0307003099,-0881966230,+00059010,04
00043444,XQ,+101597,+2892,+0649,2016/09/06,15:37:39,+0307002892,-0881966186,+00058561,04
00043444,XQ,+101595,+2878,+0647,2016/09/06,15:37:40,+0307002947,-0881966222,+00058579,04
00043444,XQ,+101593,+2858,+0649,2016/09/06,15:37:41,+0307003615,-0881966525,+00058813,04
00043444,XQ,+101584,+2852,+0651,2016/09/06,15:37:42,+0307003076,-0881966350,+00058539,04
00043444,XQ,+101592,+2852,+0649,2016/09/06,15:37:43,+0307002546,-0881966183,+00058252,04
00043444,XQ,+101596,+2877,+0667,2016/09/06,15:37:44,+0307003445,-0881966540,+00058658,04
00043444,XQ,+101583,+2911,+0646,2016/09/06,15:37:45,+0307002505,-0881966146,+00058262,04
00043444,XQ,+101577,+2922,+0652,2016/09/06,15:37:46,+0307002497,-0881966122,+00058328,04
00043444,XQ,+101576,+2935,+0647,2016/09/06,15:37:47,+0307002356,-0881965917,+00057262,04
00043444,XQ,+101595,+2918,+0661,2016/09/06,15:37:48,+0307003260,-0881966356,+00055830,04
00043444,XQ,+101601,+2935,+0661,2016/09/06,15:37:49,+0307003524,-0881966455,+00055616,04
00043444,XQ,+101595,+2956,+0649,2016/09/06,15:37:50,+0307003594,-0881966485,+00055808,04
00043444,XQ,+101598,+3006,+0660,2016/09/06,15:37:51,+0307003171,-0881966341,+00056209,04
00043444,XQ,+101571,+2924,+0658,2016/09/06,15:38:18,+0306987612,-0881960076,+00066021,04
00043444,XQ,+101574,+2922,+0659,2016/09/06,15:38:19,+0306987323,-0881959767,+00066271,04
00043444,XQ,+101581,+2879,+0617,2016/09/06,15:38:28,+0306982212,-0881958118,+00061758,04
00043444,XQ,+101583,+2879,+0617,2016/09/06,15:38:29,+0306982901,-0881958503,+00061195,04
00043444,XQ,+101593,+2885,+0616,2016/09/06,15:38:30,+0306983413,-0881958681,+00060885,04
00043444,XQ,+101606,+2874,+0636,2016/09/06,15:39:03,+0306987833,-0881959499,+00061458,04
00043444,XQ,+101599,+2887,+0634,2016/09/06,15:39:04,+0306987947,-0881959599,+00061427,04
00043444,XQ,+101583,+3013,+0639,2016/09/06,15:39:11,+0306989655,-0881960257,+00063394,04
00043444,XQ,+101588,+2971,+0626,2016/09/06,15:39:12,+0306989578,-0881960216,+00063588,04
00043444,XQ,+101591,+2953,+0635,2016/09/06,15:39:13,+0306990829,-0881960701,+00063800,04
00043444,XQ,+101600,+2943,+0621,2016/09/06,15:39:14,+0306990861,-0881960741,+00063657,04
00043444,XQ,+101587,+2952,+0627,2016/09/06,15:39:15,+0306992004,-0881961182,+00063609,04
00043444,XQ,+101601,+2965,+0629,2016/09/06,15:39:16,+0306993077,-0881961598,+00063274,04
00043444,XQ,+101590,+2969,+0630,2016/09/06,15:39:17,+0306993505,-0881961726,+00062914,04
00043444,XQ,+101595,+2971,+0635,2016/09/06,15:39:18,+0306993109,-0881961579,+00062158,04
00043444,XQ,+101602,+3002,+0622,2016/09/06,15:39:19,+0306992755,-0881961477,+00061643,04
00043444,XQ,+101602,+2991,+0640,2016/09/06,15:39:20,+0306992365,-0881961352,+00061251,04
00043444,XQ,+101585,+2982,+0626,2016/09/06,15:39:21,+0306993106,-0881961642,+00061061,04
00043444,XQ,+101601,+2982,+0619,2016/09/06,15:39:22,+0306992955,-0881961621,+00061095,04
00043444,XQ,+101592,+2982,+0620,2016/09/06,15:39:23,+0306992181,-0881961333,+00060696,04
00043444,XQ,+101592,+2977,+0621,2016/09/06,15:39:24,+0306992262,-0881961392,+00060356,04
00043444,XQ,+101590,+2935,+0621,2016/09/06,15:39:30,+0306996928,-0881963139,+00061618,04
00043444,XQ,+101589,+2946,+0620,2016/09/06,15:39:31,+0306997067,-0881963166,+00062873,04
00043444,XQ,+101589,+2943,+0620,2016/09/06,15:39:32,+0306996782,-0881963028,+00062856,04
00043444,XQ,+101598,+2935,+0633,2016/09/06,15:39:33,+0306997052,-0881963108,+00063031,04
00043444,XQ,+101587,+2929,+0609,2016/09/06,15:39:34,+0306997449,-0881963288,+00063701,04
00043444,XQ,+101592,+2922,+0608,2016/09/06,15:39:35,+0306998040,-0881963531,+00063975,04
00043444,XQ,+101592,+2925,+0619,2016/09/06,15:39:36,+0306998398,-0881963698,+00063985,04
00043444,XQ,+101603,+2935,+0617,2016/09/06,15:39:37,+0306996771,-0881963137,+00063772,04
00043444,XQ,+101592,+2916,+0601,2016/09/06,15:39:54,+0306994279,-0881962246,+00058079,04
00043444,XQ,+101597,+2927,+0576,2016/09/06,15:39:55,+0306995045,-0881962498,+00056851,04
00043444,XQ,+101609,+2835,+0636,2016/09/06,15:40:19,+0306991821,-0881960628,+00058847,04
00043444,XQ,+101606,+2850,+0612,2016/09/06,15:40:20,+0306990579,-0881960268,+00058934,04
00043444,XQ,+101597,+2853,+0595,2016/09/06,15:40:21,+0306990465,-0881960385,+00058693,04
00043444,XQ,+101595,+2865,+0596,2016/09/06,15:40:22,+0306992214,-0881961175,+00058849,04
00043444,XQ,+101589,+2873,+0591,2016/09/06,15:40:23,+0306992480,-0881961504,+00058126,04
00043444,XQ,+101603,+2865,+0594,2016/09/06,15:40:24,+0306992330,-0881961650,+00057812,04
00043444,XQ,+101602,+2877,+0596,2016/09/06,15:40:25,+0306991055,-0881961351,+00057204,04
00043444,XQ,+101592,+2890,+0602,2016/09/06,15:40:26,+0306991275,-0881961500,+00056809,04
00043444,XQ,+101582,+2921,+0604,2016/09/06,15:40:27,+0306992294,-0881961961,+00056111,04
00043444,XQ,+101602,+2913,+0615,2016/09/06,15:40:28,+0306991405,-0881961669,+00055834,04
00043444,XQ,+101598,+2910,+0619,2016/09/06,15:40:29,+0306991246,-0881961634,+00055471,04
00043444,XQ,+101602,+2897,+0615,2016/09/06,15:40:30,+0306991001,-0881961551,+00055098,04
00043444,XQ,+101598,+2901,+0625,2016/09/06,15:40:31,+0306991303,-0881961743,+00055270,04
00043444,XQ,+101598,+2888,+0634,2016/09/06,15:40:32,+0306991072,-0881961734,+00054642,04
00043444,XQ,+101595,+2884,+0641,2016/09/06,15:40:52,+0306983595,-0881958074,+00058885,04
00043444,XQ,+101580,+2903,+0643,2016/09/06,15:40:53,+0306982810,-0881957745,+00057942,04
00043444,XQ,+101595,+2935,+0653,2016/09/06,15:40:54,+0306982784,-0881957804,+00056957,04
00043444,XQ,+101589,+2940,+0637,2016/09/06,15:40:55,+0306982643,-0881957832,+00056179,04
00043444,XQ,+101589,+2948,+0660,2016/09/06,15:40:56,+0306983391,-0881958138,+00055906,04
00043444,XQ,+101585,+2943,+0653,2016/09/06,15:40:57,+0306983732,-0881958280,+00055841,04
00043444,XQ,+101587,+2920,+0639,2016/09/06,15:40:58,+0306983628,-0881958265,+00055752,04
00043444,XQ,+101589,+2885,+0633,2016/09/06,15:40:59,+0306982811,-0881958003,+00055345,04
00043444,XQ,+101580,+2868,+0627,2016/09/06,15:41:00,+0306982806,-0881958038,+00055146,04
00043444,XQ,+101588,+2874,+0640,2016/09/06,15:41:01,+0306983530,-0881958353,+00055216,04
00043444,XQ,+101590,+2882,+0630,2016/09/06,15:41:02,+0306983796,-0881958482,+00055347,04
00043444,XQ,+101598,+2900,+0640,2016/09/06,15:41:03,+0306983749,-0881958508,+00055277,04
00043444,XQ,+101597,+2918,+0635,2016/09/06,15:41:04,+0306983999,-0881958666,+00055002,04
00043444,XQ,+101591,+2905,+0637,2016/09/06,15:41:05,+0306983851,-0881958683,+00054190,04
00043444,XQ,+101585,+2914,+0638,2016/09/06,15:41:06,+0306983043,-0881958509,+00053184,04
00043444,XQ,+101600,+2901,+0639,2016/09/06,15:41:07,+0306983031,-0881958562,+00052787,04
00043444,XQ,+101607,+2881,+0627,2016/09/06,15:41:08,+0306983155,-0881958672,+00052232,04
00043444,XQ,+101589,+2869,+0633,2016/09/06,15:41:09,+0306983073,-0881958663,+00051611,04
00043444,XQ,+101589,+2857,+0635,2016/09/06,15:41:10,+0306983473,-0881958800,+00051266,04
00043444,XQ,+101597,+2842,+0632,2016/09/06,15:41:11,+0306983782,-0881959013,+00051100,04
00043444,XQ,+101589,+2854,+0630,2016/09/06,15:41:12,+0306984508,-0881959302,+00050778,04
00043444,XQ,+101592,+2901,+0640,2016/09/06,15:41:13,+0306984066,-0881959180,+00050308,04
00043444,XQ,+101594,+2903,+0634,2016/09/06,15:41:14,+0306984625,-0881959468,+00050066,04
00043444,XQ,+101601,+2944,+0642,2016/09/06,15:41:20,+0306989174,-0881960736,+00059224,04
00043444,XQ,+101591,+2916,+0630,2016/09/06,15:41:21,+0306989193,-0881960732,+00058481,04
00043444,XQ,+101592,+2912,+0629,2016/09/06,15:41:22,+0306989240,-0881960748,+00057869,04
00043444,XQ,+101592,+2909,+0641,2016/09/06,15:41:23,+0306989850,-0881960986,+00057850,04
00043444,XQ,+101594,+2877,+0620,2016/09/06,15:41:24,+0306990546,-0881961086,+00057951,04
00043444,XQ,+101598,+2857,+0640,2016/09/06,15:41:25,+0306991047,-0881961256,+00057827,04
00043444,XQ,+101603,+2851,+0623,2016/09/06,15:41:26,+0306990701,-0881961139,+00057825,04
00043444,XQ,+101592,+2841,+0625,2016/09/06,15:41:27,+0306991720,-0881961519,+00058180,04
00043444,XQ,+101596,+2839,+0642,2016/09/06,15:41:28,+0306992092,-0881961675,+00058396,04
00043444,XQ,+101592,+2870,+0632,2016/09/06,15:41:29,+0306992867,-0881961982,+00058612,04
00043444,XQ,+101593,+2889,+0629,2016/09/06,15:41:30,+0306992460,-0881961800,+00058914,04
00043444,XQ,+101590,+2888,+0622,2016/09/06,15:41:31,+0306992557,-0881961825,+00059066,04
00043444,XQ,+101583,+2884,+0621,2016/09/06,15:41:32,+0306991736,-0881961529,+00058934,04
00043444,XQ,+101582,+2869,+0618,2016/09/06,15:41:33,+0306991323,-0881961390,+00058540,04
00043444,XQ,+101591,+2881,+0638,2016/09/06,15:41:34,+0306990549,-0881961067,+00059128,04
00043444,XQ,+101596,+2873,+0621,2016/09/06,15:41:35,+0306990015,-0881960854,+00059167,04
00043444,XQ,+101593,+2868,+0605,2016/09/06,15:41:41,+0306990807,-0881960918,+00061718,04
00043444,XQ,+101597,+2876,+0622,2016/09/06,15:41:42,+0306990969,-0881960975,+00061520,04
00043444,XQ,+101584,+2886,+0641,2016/09/06,15:41:43,+0306990663,-0881960843,+00061197,04
00043444,XQ,+101597,+2881,+0618,2016/09/06,15:41:44,+0306991047,-0881960932,+00060861,04
00043444,XQ,+101594,+2870,+0623,2016/09/06,15:41:45,+0306990801,-0881960794,+00060850,04
00043444,XQ,+101594,+2875,+0616,2016/09/06,15:41:46,+0306993229,-0881961587,+00060518,04
00043444,XQ,+101596,+2886,+0613,2016/09/06,15:41:47,+0306992515,-0881961311,+00060079,04
00043444,XQ,+101599,+2881,+0616,2016/09/06,15:41:48,+0306990878,-0881960731,+00059429,04
00043444,XQ,+101597,+2868,+0622,2016/09/06,15:41:49,+0306990347,-0881960553,+00059544,04
00043444,XQ,+101595,+2872,+0621,2016/09/06,15:41:50,+0306989969,-0881960431,+00059447,04
00043444,XQ,+101602,+2883,+0626,2016/09/06,15:41:51,+0306989552,-0881960276,+00059361,04
00043444,XQ,+101594,+2890,+0622,2016/09/06,15:41:52,+0306989588,-0881960347,+00059479,04
00043444,XQ,+101588,+2890,+0598,2016/09/06,15:41:53,+0306989772,-0881960434,+00059325,04
00043444,XQ,+101594,+2879,+0581,2016/09/06,15:41:54,+0306990216,-0881960631,+00058966,04
00043444,XQ,+101592,+2880,+0580,2016/09/06,15:41:55,+0306990356,-0881960709,+00058669,04
00043444,XQ,+101611,+2808,+0576,2016/09/06,15:42:03,+0306993439,-0881961971,+00061078,04
00043444,XQ,+101596,+2812,+0577,2016/09/06,15:42:04,+0306993635,-0881962062,+00061617,04
00043444,XQ,+101604,+2814,+0581,2016/09/06,15:42:05,+0306993781,-0881962107,+00061279,04
00043444,XQ,+101592,+2760,+0585,2016/09/06,15:42:11,+0306988339,-0881959492,+00061730,04
00043444,XQ,+101594,+2751,+0584,2016/09/06,15:42:12,+0306988253,-0881959470,+00061592,04
00043444,XQ,+101598,+2759,+0590,2016/09/06,15:42:13,+0306988996,-0881959728,+00061291,04
00043444,XQ,+101600,+2752,+0594,2016/09/06,15:42:14,+0306989462,-0881959900,+00060810,04
00043444,XQ,+101606,+2747,+0588,2016/09/06,15:42:15,+0306990096,-0881960147,+00060112,04
00043444,XQ,+101606,+2766,+0599,2016/09/06,15:42:16,+0306989232,-0881959853,+00059685,04
00043444,XQ,+101600,+2774,+0594,2016/09/06,15:42:17,+0306989388,-0881959917,+00059746,04
00043444,XQ,+101586,+2774,+0590,2016/09/06,15:42:18,+0306989526,-0881960043,+00059508,04
00043444,XQ,+101599,+2804,+0598,2016/09/06,15:42:24,+0306988127,-0881959039,+00061303,04
00043444,XQ,+101602,+2793,+0598,2016/09/06,15:42:25,+0306988684,-0881959258,+00061127,04
00043444,XQ,+101606,+2784,+0608,2016/09/06,15:42:26,+0306989042,-0881959411,+00061151,04
00043444,XQ,+101597,+2780,+0613,2016/09/06,15:42:27,+0306989446,-0881959537,+00060960,04
00043444,XQ,+101605,+2777,+0605,2016/09/06,15:42:28,+0306989044,-0881959384,+00060427,04
00043444,XQ,+101600,+2787,+0613,2016/09/06,15:42:29,+0306988826,-0881959285,+00060157,04
00043444,XQ,+101591,+2785,+0630,2016/09/06,15:42:43,+0306987472,-0881958249,+00062590,04
00043444,XQ,+101600,+2787,+0633,2016/09/06,15:42:44,+0306987032,-0881958151,+00062588,04
00043444,XQ,+101597,+2774,+0630,2016/09/06,15:42:45,+0306986949,-0881958143,+00063585,04
00043444,XQ,+101596,+2773,+0628,2016/09/06,15:42:46,+0306986665,-0881958031,+00063811,04
00043444,XQ,+101595,+2776,+0630,2016/09/06,15:42:47,+0306985342,-0881957570,+00063267,04
00043444,XQ,+101603,+2787,+0631,2016/09/06,15:42:48,+0306985519,-0881957588,+00063451,04
00043444,XQ,+101598,+2793,+0627,2016/09/06,15:42:49,+0306985837,-0881957691,+00063787,04
00043444,XQ,+101595,+2807,+0632,2016/09/06,15:42:50,+0306985946,-0881957686,+00063761,04
00043444,XQ,+101599,+2824,+0633,2016/09/06,15:42:51,+0306986158,-0881957755,+00063916,04
00043444,XQ,+101602,+2825,+0633,2016/09/06,15:42:52,+0306985865,-0881957724,+00063533,04
00043444,XQ,+101592,+2817,+0633,2016/09/06,15:42:53,+0306986201,-0881957868,+00063437,04
00043444,XQ,+101594,+2802,+0627,2016/09/06,15:42:54,+0306986190,-0881957827,+00062693,04
00043444,XQ,+101599,+2813,+0629,2016/09/06,15:42:55,+0306986260,-0881957861,+00062247,04
00043444,XQ,+101602,+2810,+0632,2016/09/06,15:42:56,+0306985922,-0881957801,+00061804,04
00043444,XQ,+101601,+2805,+0647,2016/09/06,15:43:16,+0306983171,-0881956518,+00063287,04
00043444,XQ,+101592,+2796,+0649,2016/09/06,15:43:17,+0306982613,-0881956305,+00063595,04
00043444,XQ,+101592,+2796,+0647,2016/09/06,15:43:18,+0306982836,-0881956392,+00063420,04
00043444,XQ,+101593,+2821,+0643,2016/09/06,15:43:19,+0306982775,-0881956347,+00063416,04
00043444,XQ,+101609,+2817,+0641,2016/09/06,15:43:20,+0306982473,-0881956232,+00063482,04
00043444,XQ,+101609,+2813,+0639,2016/09/06,15:43:21,+0306982851,-0881956366,+00063487,04
00043444,XQ,+101600,+2801,+0641,2016/09/06,15:43:22,+0306983282,-0881956518,+00063261,04
00043444,XQ,+101599,+2808,+0645,2016/09/06,15:43:23,+0306983099,-0881956446,+00062591,04
00043444,XQ,+101597,+2816,+0644,2016/09/06,15:43:24,+0306982632,-0881956282,+00062363,04
00043444,XQ,+101608,+2817,+0650,2016/09/06,15:43:25,+0306982812,-0881956358,+00062325,04
00043444,XQ,+101606,+2808,+0654,2016/09/06,15:43:26,+0306984224,-0881956793,+00062166,04
00043444,XQ,+101607,+2800,+0645,2016/09/06,15:43:27,+0306984605,-0881956960,+00062086,04
00043444,XQ,+101595,+2803,+0645,2016/09/06,15:43:28,+0306984368,-0881956933,+00061428,04
00043444,XQ,+101600,+2800,+0641,2016/09/06,15:43:29,+0306983956,-0881956850,+00061043,04
00043444,XQ,+101602,+2789,+0644,2016/09/06,15:43:30,+0306979488,-0881955314,+00060106,04
00043444,XQ,+101600,+2797,+0642,2016/09/06,15:43:31,+0306981757,-0881955748,+00062487,04
00043444,XQ,+101601,+2810,+0641,2016/09/06,15:43:32,+0306982132,-0881955880,+00062856,04
00043444,XQ,+101601,+2808,+0643,2016/09/06,15:43:33,+0306982231,-0881955951,+00062830,04
00043444,XQ,+101598,+2803,+0641,2016/09/06,15:43:34,+0306981978,-0881956039,+00063221,04
00043444,XQ,+101593,+2801,+0645,2016/09/06,15:44:00,+0306993683,-0881958867,+00064090,04
00043444,XQ,+101598,+2773,+0632,2016/09/06,15:44:07,+0306994220,-0881959364,+00065921,04
00043444,XQ,+101598,+2773,+0634,2016/09/06,15:44:08,+0306993196,-0881959189,+00066222,04
00043444,XQ,+101597,+2780,+0626,2016/09/06,15:44:17,+0306991963,-0881959443,+00065754,04
00043444,XQ,+101603,+2780,+0627,2016/09/06,15:44:18,+0306990360,-0881958891,+00064130,04
00043444,XQ,+101600,+2780,+0635,2016/09/06,15:44:19,+0306989207,-0881958491,+00063446,04
00043444,XQ,+101613,+2786,+0631,2016/09/06,15:44:20,+0306987080,-0881957766,+00062458,04
00043444,XQ,+101603,+2782,+0631,2016/09/06,15:44:21,+0306987210,-0881957807,+00062253,04
00043444,XQ,+101607,+2783,+0634,2016/09/06,15:44:22,+0306988756,-0881958278,+00062342,04
00043444,XQ,+101600,+2765,+0630,2016/09/06,15:44:44,+0306977553,-0881954659,+00061046,04
00043444,XQ,+101605,+2768,+0633,2016/09/06,15:44:45,+0306977362,-0881954660,+00060703,04
00043444,XQ,+101598,+2765,+0633,2016/09/06,15:44:46,+0306977129,-0881954670,+00060360,04
00043444,XQ,+101612,+2751,+0631,2016/09/06,15:44:47,+0306977224,-0881954779,+00060140,04
00043444,XQ,+101609,+2763,+0633,2016/09/06,15:44:48,+0306977387,-0881954895,+00060148,04
00043444,XQ,+101609,+2759,+0633,2016/09/06,15:44:49,+0306977471,-0881954966,+00060112,04
00043444,XQ,+101602,+2766,+0632,2016/09/06,15:44:50,+0306977356,-0881954978,+00059769,04
00043444,XQ,+101605,+2763,+0632,2016/09/06,15:44:51,+0306977113,-0881954915,+00059628,04
00043444,XQ,+101612,+2796,+0644,2016/09/06,15:44:57,+0306978257,-0881955171,+00059956,04
00043444,XQ,+101615,+2795,+0644,2016/09/06,15:44:58,+0306979068,-0881955413,+00060378,04
00043444,XQ,+101626,+2795,+0644,2016/09/06,15:44:59,+0306979258,-0881955486,+00060033,04
00043444,XQ,+101628,+2807,+0642,2016/09/06,15:45:00,+0306978729,-0881955252,+00059284,04
00043444,XQ,+101624,+2818,+0642,2016/09/06,15:45:01,+0306978484,-0881955103,+00058529,04
00043444,XQ,+101627,+2831,+0640,2016/09/06,15:45:02,+0306978754,-0881955099,+00058022,04
00043444,XQ,+101647,+2828,+0651,2016/09/06,15:45:03,+0306978798,-0881955044,+00057756,04
00043444,XQ,+101661,+2806,+0640,2016/09/06,15:45:04,+0306978692,-0881954939,+00057713,04
00043444,XQ,+101663,+2816,+0653,2016/09/06,15:45:05,+0306978644,-0881954827,+00057518,04
00043444,XQ,+101663,+2802,+0651,2016/09/06,15:45:06,+0306977995,-0881954567,+00057530,04
00043444,XQ,+101664,+2799,+0643,2016/09/06,15:45:07,+0306978665,-0881954740,+00058076,04
00043444,XQ,+101654,+2818,+0642,2016/09/06,15:45:08,+0306980120,-0881955019,+00058531,04
00043444,XQ,+101646,+2830,+0652,2016/09/06,15:45:09,+0306980563,-0881955014,+00058764,04
00043444,XQ,+101660,+2868,+0651,2016/09/06,15:45:10,+0306980466,-0881954893,+00059194,04
00043444,XQ,+101646,+2853,+0652,2016/09/06,15:45:11,+0306980197,-0881954761,+00059313,04
00043444,XQ,+101659,+2858,+0644,2016/09/06,15:45:12,+0306980314,-0881954672,+00059471,04
00043444,XQ,+101656,+2860,+0647,2016/09/06,15:45:13,+0306981728,-0881954964,+00060329,04
00043444,XQ,+101657,+2851,+0652,2016/09/06,15:45:14,+0306980825,-0881954705,+00061069,04
00043444,XQ,+101669,+2849,+0653,2016/09/06,15:45:15,+0306980010,-0881954364,+00061252,04
00043444,XQ,+101665,+2843,+0651,2016/09/06,15:45:16,+0306979828,-0881954415,+00062243,04
00043444,XQ,+101672,+2845,+0650,2016/09/06,15:45:17,+0306980660,-0881954710,+00062999,04
00043444,XQ,+101682,+2827,+0655,2016/09/06,15:45:18,+0306980455,-0881954689,+00063670,04
00043444,XQ,+101686,+2840,+0652,2016/09/06,15:45:19,+0306979776,-0881954297,+00063964,04
00043444,XQ,+101680,+2842,+0650,2016/09/06,15:45:20,+0306980476,-0881954439,+00064638,04
00043444,XQ,+101705,+2840,+0662,2016/09/06,15:45:21,+0306981221,-0881954642,+00064327,04
00043444,XQ,+101709,+2840,+0676,2016/09/06,15:45:22,+0306981633,-0881954752,+00064367,04
00043444,XQ,+101697,+2872,+0695,2016/09/06,15:45:23,+0306981567,-0881954753,+00064386,04
00043444,XQ,+101688,+2908,+0715,2016/09/06,15:45:24,+0306981448,-0881954764,+00063214,04
00043444,XQ,+101694,+2933,+0716,2016/09/06,15:45:25,+0306981250,-0881954736,+00064855,04
00043444,XQ,+101695,+2949,+0714,2016/09/06,15:45:26,+0306981090,-0881954732,+00064665,04
00043444,XQ,+101699,+2962,+0715,2016/09/06,15:45:27,+0306980850,-0881954705,+00064183,04
00043444,XQ,+101695,+2981,+0702,2016/09/06,15:45:28,+0306980975,-0881954752,+00064801,04
00043444,XQ,+101685,+2991,+0713,2016/09/06,15:45:29,+0306981010,-0881954743,+00065926,04
00043444,XQ,+101698,+3006,+0696,2016/09/06,15:45:30,+0306981050,-0881954740,+00065873,04
00043444,XQ,+101693,+3030,+0696,2016/09/06,15:45:31,+0306980898,-0881954692,+00066078,04
00043444,XQ,+101683,+3055,+0684,2016/09/06,15:45:32,+0306980588,-0881954549,+00065832,04
00043444,XQ,+101689,+3096,+0684,2016/09/06,15:45:33,+0306980261,-0881954369,+00065455,04
00043444,XQ,+101693,+3096,+0676,2016/09/06,15:45:34,+0306979889,-0881954147,+00064854,04
00043444,XQ,+101692,+3111,+0639,2016/09/06,15:45:40,+0306980732,-0881953911,+00057787,04
00043444,XQ,+101684,+3184,+0603,2016/09/06,15:45:46,+0306982961,-0881955078,+00057326,04
00043444,XQ,+101688,+3200,+0598,2016/09/06,15:45:47,+0306983061,-0881955198,+00056815,04
00043444,XQ,+101697,+3207,+0606,2016/09/06,15:45:48,+0306983151,-0881955319,+00056213,04
00043444,XQ,+101685,+3188,+0599,2016/09/06,15:45:49,+0306983229,-0881955402,+00056089,04
00043444,XQ,+101709,+3192,+0604,2016/09/06,15:45:50,+0306983273,-0881955467,+00055756,04
00043444,XQ,+101700,+3149,+0482,2016/09/06,15:45:51,+0306983318,-0881955532,+00055877,04
00043444,XQ,+101710,+3126,+0484,2016/09/06,15:45:52,+0306983359,-0881955594,+00055872,04
00043444,XQ,+101697,+3100,+0484,2016/09/06,15:45:53,+0306983393,-0881955647,+00055824,04
00043444,XQ,+101695,+3075,+0484,2016/09/06,15:45:54,+0306983354,-0881955663,+00055698,04
00043444,XQ,+101704,+3069,+0489,2016/09/06,15:45:55,+0306983317,-0881955684,+00055577,04
00043444,XQ,+101706,+3071,+0506,2016/09/06,15:45:56,+0306983293,-0881955695,+00055486,04
00043444,XQ,+101696,+3071,+0506,2016/09/06,15:45:57,+0306983254,-0881955732,+00055832,04
00043444,XQ,+101682,+3041,+0630,2016/09/06,15:45:58,+0306983423,-0881955807,+00056996,04
00043444,XQ,+101687,+3003,+0497,2016/09/06,15:45:59,+0306983279,-0881955772,+00056965,04
00043444,XQ,+101684,+3006,+0502,2016/09/06,15:46:00,+0306983191,-0881955774,+00056575,04
00043444,XQ,+101679,+3000,+0503,2016/09/06,15:46:01,+0306983226,-0881955805,+00056406,04
00043444,XQ,+101691,+2989,+0515,2016/09/06,15:46:08,+0306980972,-0881954276,+00059193,04
00043444,XQ,+101685,+3007,+0503,2016/09/06,15:50:32,+0306944685,-0881944249,+00049713,05
00043444,XQ,+101683,+3024,+0525,2016/09/06,15:50:33,+0306944782,-0881943825,+00052690,05
00043444,XQ,+101687,+3038,+0511,2016/09/06,15:50:34,+0306944617,-0881943704,+00053623,05
00043444,XQ,+101682,+3063,+0524,2016/09/06,15:50:35,+0306944630,-0881943825,+00054067,04
00043444,XQ,+101696,+3085,+0523,2016/09/06,15:50:36,+0306944678,-0881943786,+00052811,04
00043444,XQ,+101699,+3091,+0541,2016/09/06,15:50:37,+0306944684,-0881943751,+00052407,04
00043444,XQ,+101699,+3117,+0543,2016/09/06,15:50:38,+0306944702,-0881943617,+00051594,04
00043444,XQ,+101702,+3172,+0541,2016/09/06,15:50:39,+0306944694,-0881943626,+00052088,04
00043444,XQ,+101702,+3253,+0541,2016/09/06,15:50:40,+0306944674,-0881943697,+00052885,04
00043444,XQ,+101700,+3287,+0552,2016/09/06,15:50:41,+0306944669,-0881943705,+00053450,04
00043444,XQ,+101700,+3283,+0541,2016/09/06,15:50:42,+0306944634,-0881943670,+00054029,04
00043444,XQ,+101709,+3287,+0544,2016/09/06,15:50:43,+0306944637,-0881943640,+00054832,04
00043444,XQ,+101707,+3277,+0540,2016/09/06,15:50:44,+0306944656,-0881943535,+00056023,04
00043444,XQ,+101696,+3279,+0640,2016/09/06,15:50:45,+0306944632,-0881943506,+00056437,04
00043444,XQ,+101693,+3275,+0626,2016/09/06,15:50:46,+0306944687,-0881943431,+00056682,04
00043444,XQ,+101701,+3316,+0624,2016/09/06,15:50:47,+0306944756,-0881943641,+00057895,05
00043444,XQ,+101696,+3382,+0625,2016/09/06,15:50:48,+0306944779,-0881943726,+00058863,05
00043444,XQ,+101688,+3380,+0625,2016/09/06,15:50:49,+0306944816,-0881943858,+00058733,05
00043444,XQ,+101694,+3361,+0620,2016/09/06,15:50:50,+0306944915,-0881944012,+00059407,05
00043444,XQ,+101698,+3331,+0620,2016/09/06,15:50:51,+0306944901,-0881944125,+00060670,05
00043444,XQ,+101701,+3333,+0603,2016/09/06,15:50:52,+0306944942,-0881944202,+00060875,05
00043444,XQ,+101685,+3268,+0605,2016/09/06,15:50:53,+0306945001,-0881944403,+00061691,05
00043444,XQ,+101700,+3251,+0603,2016/09/06,15:50:54,+0306944952,-0881944539,+00062542,05
00043444,XQ,+101700,+3220,+0594,2016/09/06,15:50:55,+0306944927,-0881944665,+00062700,05
00043444,XQ,+101687,+3207,+0599,2016/09/06,15:50:56,+0306944923,-0881944741,+00063254,05
00043444,XQ,+101684,+3249,+0600,2016/09/06,15:50:57,+0306944985,-0881944850,+00062175,05
00043444,XQ,+101672,+3211,+0577,2016/09/06,15:50:58,+0306945028,-0881944828,+00061705,05
00043444,XQ,+101677,+3152,+0566,2016/09/06,15:50:59,+0306945070,-0881944860,+00060126,05
00043444,XQ,+101666,+3066,+0575,2016/09/06,15:51:00,+0306945065,-0881944933,+00059354,05
00043444,XQ,+101667,+2998,+0567,2016/09/06,15:51:01,+0306945085,-0881944944,+00059183,05
00043444,XQ,+101654,+2938,+0567,2016/09/06,15:51:02,+0306945062,-0881944925,+00058188,05
00043444,XQ,+101651,+2912,+0563,2016/09/06,15:51:03,+0306944970,-0881944754,+00057359,05
00043444,XQ,+101648,+2931,+0576,2016/09/06,15:51:04,+0306944962,-0881944783,+00057286,05
00043444,XQ,+101647,+2987,+0580,2016/09/06,15:51:05,+0306944934,-0881944720,+00057798,05
00043444,XQ,+101646,+3032,+0582,2016/09/06,15:51:06,+0306945048,-0881944669,+00055075,05
00043444,XQ,+101639,+3012,+0578,2016/09/06,15:51:07,+0306944925,-0881944678,+00054580,05
00043444,XQ,+101636,+3039,+0559,2016/09/06,15:51:08,+0306944850,-0881944703,+00053816,05
00043444,XQ,+101614,+3012,+0561,2016/09/06,15:51:09,+0306944677,-0881944723,+00053994,05
00043444,XQ,+101617,+2943,+0562,2016/09/06,15:51:10,+0306944590,-0881944921,+00053175,05
00043444,XQ,+101621,+2901,+0562,2016/09/06,15:51:11,+0306944413,-0881944877,+00053567,05
00043444,XQ,+101606,+2890,+0563,2016/09/06,15:51:12,+0306944351,-0881944961,+00052662,05
00043444,XQ,+101614,+2929,+0556,2016/09/06,15:51:13,+0306944425,-0881945335,+00051098,05
00043444,XQ,+101609,+2983,+0550,2016/09/06,15:51:14,+0306944363,-0881945316,+00052006,05
00043444,XQ,+101607,+2955,+0543,2016/09/06,15:51:15,+0306944262,-0881945380,+00051825,05
00043444,XQ,+101621,+2963,+0544,2016/09/06,15:51:16,+0306944248,-0881945572,+00051294,05
00043444,XQ,+101618,+2974,+0545,2016/09/06,15:51:17,+0306944103,-0881945416,+00050243,05
00043444,XQ,+101610,+2953,+0530,2016/09/06,15:51:18,+0306944059,-0881945526,+00050198,05
00043444,XQ,+101608,+2897,+0505,2016/09/06,15:51:19,+0306943915,-0881945469,+00050046,05
00043444,XQ,+101599,+2856,+0510,2016/09/06,15:51:20,+0306943841,-0881945509,+00050790,05
00043444,XQ,+101589,+2838,+0502,2016/09/06,15:51:21,+0306943724,-0881945413,+00052063,05
00043444,XQ,+101600,+2811,+0504,2016/09/06,15:51:22,+0306943659,-0881945463,+00052901,05
00043444,XQ,+101604,+2812,+0502,2016/09/06,15:51:23,+0306943643,-0881945529,+00053753,05
00043444,XQ,+101591,+2835,+0505,2016/09/06,15:51:24,+0306943562,-0881945403,+00054283,05
00043444,XQ,+101584,+2855,+0502,2016/09/06,15:51:25,+0306943662,-0881945782,+00054951,05
00043444,XQ,+101585,+2837,+0523,2016/09/06,15:51:26,+0306943598,-0881945829,+00056615,05
00043444,XQ,+101587,+2828,+0523,2016/09/06,15:51:27,+0306943519,-0881945584,+00056616,05
00043444,XQ,+101596,+2829,+0539,2016/09/06,15:51:28,+0306943556,-0881945647,+00057442,05
00043444,XQ,+101595,+2851,+0543,2016/09/06,15:51:29,+0306943436,-0881945528,+00057334,05
00043444,XQ,+101604,+2857,+0543,2016/09/06,15:51:30,+0306943444,-0881945758,+00057507,05
00043444,XQ,+101590,+2955,+0563,2016/09/06,15:51:31,+0306943465,-0881945695,+00056104,05
00043444,XQ,+101591,+2950,+0533,2016/09/06,15:51:35,+0306943223,-0881945772,+00062062,05
00043444,XQ,+101598,+2901,+0538,2016/09/06,15:51:36,+0306943258,-0881945825,+00061854,05
00043444,XQ,+101611,+2882,+0537,2016/09/06,15:51:37,+0306943232,-0881945825,+00061970,05
00043444,XQ,+101601,+2886,+0536,2016/09/06,15:51:38,+0306943191,-0881945544,+00061932,05
00043444,XQ,+101601,+2906,+0548,2016/09/06,15:51:39,+0306943231,-0881945555,+00062072,05
00043444,XQ,+101611,+2925,+0554,2016/09/06,15:51:40,+0306943180,-0881945513,+00062307,05
00043444,XQ,+101602,+2912,+0549,2016/09/06,15:51:41,+0306943115,-0881945441,+00062568,05
00043444,XQ,+101603,+2905,+0561,2016/09/06,15:51:42,+0306943189,-0881945461,+00062740,05
00043444,XQ,+101603,+2884,+0557,2016/09/06,15:51:43,+0306943083,-0881945293,+00062990,05
00043444,XQ,+101605,+2871,+0558,2016/09/06,15:51:44,+0306943026,-0881945188,+00063112,05
00043444,XQ,+101605,+2883,+0560,2016/09/06,15:51:45,+0306942959,-0881945105,+00063238,05
00043444,XQ,+101593,+2866,+0564,2016/09/06,15:51:46,+0306942909,-0881945105,+00063397,05
00043444,XQ,+101602,+2872,+0575,2016/09/06,15:51:47,+0306942793,-0881945099,+00063484,05
00043444,XQ,+101592,+2880,+0566,2016/09/06,15:51:48,+0306942848,-0881945102,+00063442,05
00043444,XQ,+101601,+2871,+0576,2016/09/06,15:51:49,+0306942882,-0881945095,+00063247,05
00043444,XQ,+101594,+2873,+0574,2016/09/06,15:51:50,+0306942894,-0881945071,+00063039,05
00043444,XQ,+101602,+2865,+0577,2016/09/06,15:51:51,+0306942919,-0881945149,+00062813,05
00043444,XQ,+101603,+2871,+0587,2016/09/06,15:51:52,+0306942969,-0881945107,+00062668,05
00043444,XQ,+101600,+2895,+0589,2016/09/06,15:51:53,+0306943002,-0881945130,+00062481,05
00043444,XQ,+101601,+2894,+0590,2016/09/06,15:51:54,+0306943066,-0881945155,+00062329,05
00043444,XQ,+101600,+2879,+0580,2016/09/06,15:51:55,+0306943121,-0881945136,+00062225,05
00043444,XQ,+101611,+2857,+0578,2016/09/06,15:51:56,+0306943123,-0881945158,+00062129,05
00043444,XQ,+101594,+2875,+0579,2016/09/06,15:51:57,+0306943148,-0881945038,+00061877,05
00043444,XQ,+101606,+2881,+0584,2016/09/06,15:51:58,+0306943081,-0881944957,+00061446,05
00043444,XQ,+101603,+2897,+0584,2016/09/06,15:51:59,+0306943095,-0881945085,+00061101,05
00043444,XQ,+101598,+2918,+0599,2016/09/06,15:52:00,+0306943121,-0881945058,+00060842,05
00043444,XQ,+101595,+2933,+0588,2016/09/06,15:52:01,+0306943108,-0881945132,+00060519,05
00043444,XQ,+101599,+2927,+0592,2016/09/06,15:52:02,+0306943149,-0881945011,+00060258,05
00043444,XQ,+101603,+2902,+0598,2016/09/06,15:52:03,+0306943155,-0881944951,+00059972,05
00043444,XQ,+101593,+2901,+0588,2016/09/06,15:52:04,+0306943155,-0881944865,+00059721,05
00043444,XQ,+101603,+2920,+0595,2016/09/06,15:52:05,+0306943114,-0881944843,+00059463,05
00043444,XQ,+101599,+2920,+0590,2016/09/06,15:52:06,+0306943046,-0881944866,+00059186,05
00043444,XQ,+101592,+2921,+0598,2016/09/06,15:52:07,+0306943078,-0881944774,+00059036,05
00043444,XQ,+101607,+2937,+0594,2016/09/06,15:52:08,+0306943063,-0881944720,+00058834,05
00043444,XQ,+101607,+2921,+0589,2016/09/06,15:52:09,+0306942987,-0881944544,+00058720,05
00043444,XQ,+101606,+2903,+0586,2016/09/06,15:52:10,+0306943002,-0881944517,+00058617,05
00043444,XQ,+101598,+2880,+0596,2016/09/06,15:52:11,+0306943096,-0881944647,+00058585,05
00043444,XQ,+101602,+2862,+0586,2016/09/06,15:52:12,+0306943118,-0881944664,+00058653,05
00043444,XQ,+101595,+2873,+0586,2016/09/06,15:52:13,+0306943135,-0881944753,+00058617,05
00043444,XQ,+101599,+2867,+0593,2016/09/06,15:52:14,+0306943186,-0881944823,+00058633,05
00043444,XQ,+101603,+2866,+0589,2016/09/06,15:52:15,+0306943181,-0881944889,+00058639,05
00043444,XQ,+101600,+2869,+0590,2016/09/06,15:52:16,+0306943154,-0881944921,+00058607,05
00043444,XQ,+101602,+2873,+0599,2016/09/06,15:52:17,+0306943169,-0881944947,+00058617,05
00043444,XQ,+101594,+2860,+0599,2016/09/06,15:52:18,+0306943168,-0881944997,+00058674,05
00043444,XQ,+101590,+2859,+0596,2016/09/06,15:52:19,+0306943053,-0881944989,+00058758,05
00043444,XQ,+101595,+2864,+0598,2016/09/06,15:52:20,+0306943021,-0881944992,+00058910,05
00043444,XQ,+101602,+2855,+0599,2016/09/06,15:52:21,+0306943022,-0881945018,+00059087,05
00043444,XQ,+101599,+2837,+0597,2016/09/06,15:52:22,+0306943013,-0881945010,+00059308,05
00043444,XQ,+101602,+2826,+0596,2016/09/06,15:52:23,+0306943021,-0881945061,+00059454,05
00043444,XQ,+101602,+2823,+0596,2016/09/06,15:52:24,+0306943019,-0881945129,+00059648,05
00043444,XQ,+101597,+2835,+0597,2016/09/06,15:52:25,+0306943063,-0881945097,+00059918,05
00043444,XQ,+101592,+2851,+0612,2016/09/06,15:52:26,+0306943067,-0881945049,+00060071,05
00043444,XQ,+101595,+2901,+0612,2016/09/06,15:52:27,+0306943067,-0881945020,+00060222,05
00043444,XQ,+101608,+2904,+0618,2016/09/06,15:52:28,+0306943032,-0881944996,+00060414,05
00043444,XQ,+101604,+2895,+0615,2016/09/06,15:52:29,+0306943048,-0881944899,+00060723,05
00043444,XQ,+101584,+2893,+0617,2016/09/06,15:52:30,+0306942977,-0881944904,+00060998,05
00043444,XQ,+101591,+2892,+0614,2016/09/06,15:52:31,+0306942939,-0881944894,+00061192,05
00043444,XQ,+101590,+2894,+0616,2016/09/06,15:52:32,+0306942935,-0881944956,+00061371,05
00043444,XQ,+101589,+2907,+0616,2016/09/06,15:52:33,+0306942999,-0881944996,+00061560,05
00043444,XQ,+101600,+2885,+0610,2016/09/06,15:52:34,+0306942980,-0881944910,+00061834,05
00043444,XQ,+101593,+2888,+0613,2016/09/06,15:52:35,+0306943001,-0881944960,+00061973,05
00043444,XQ,+101595,+2884,+0615,2016/09/06,15:52:36,+0306943000,-0881944969,+00062138,05
00043444,XQ,+101601,+2890,+0619,2016/09/06,15:52:37,+0306942921,-0881944908,+00062382,05
00043444,XQ,+101598,+2897,+0633,2016/09/06,15:52:38,+0306942917,-0881944958,+00062608,05
00043444,XQ,+101589,+2891,+0626,2016/09/06,15:52:39,+0306942958,-0881944986,+00062666,05
00043444,XQ,+101588,+2879,+0635,2016/09/06,15:52:40,+0306942972,-0881945002,+00062681,05
00043444,XQ,+101580,+2882,+0627,2016/09/06,15:52:41,+0306942947,-0881945022,+00062699,05
00043444,XQ,+101591,+2876,+0631,2016/09/06,15:52:42,+0306942877,-0881944926,+00062797,05
00043444,XQ,+101595,+2884,+0618,2016/09/06,15:52:43,+0306942873,-0881944830,+00062771,05
00043444,XQ,+101599,+2865,+0618,2016/09/06,15:52:44,+0306942910,-0881944950,+00062808,05
00043444,XQ,+101592,+2877,+0614,2016/09/06,15:52:45,+0306942968,-0881945069,+00062638,05
00043444,XQ,+101582,+2895,+0616,2016/09/06,15:52:46,+0306942975,-0881944940,+00062621,05
00043444,XQ,+101592,+2893,+0625,2016/09/06,15:52:47,+0306943007,-0881944931,+00062482,05
00043444,XQ,+101575,+2905,+0629,2016/09/06,15:52:48,+0306943021,-0881944920,+00062306,05
00043444,XQ,+101586,+2907,+0633,2016/09/06,15:52:49,+0306943067,-0881944876,+00062476,05
00043444,XQ,+101590,+2912,+0636,2016/09/06,15:52:50,+0306943094,-0881944890,+00062493,05
00043444,XQ,+101588,+2907,+0647,2016/09/06,15:52:51,+0306943083,-0881944823,+00062490,05
00043444,XQ,+101584,+2907,+0659,2016/09/06,15:52:52,+0306943083,-0881944832,+00062597,05
00043444,XQ,+101586,+2918,+0670,2016/09/06,15:52:53,+0306943117,-0881944899,+00062619,05
00043444,XQ,+101600,+2916,+0677,2016/09/06,15:52:54,+0306943145,-0881944936,+00062758,05
00043444,XQ,+101592,+2941,+0677,2016/09/06,15:52:55,+0306943159,-0881944950,+00062928,05
00043444,XQ,+101585,+2942,+0671,2016/09/06,15:52:56,+0306943182,-0881945000,+00062864,05
00043444,XQ,+101586,+2934,+0670,2016/09/06,15:52:57,+0306943158,-0881944992,+00062732,05
00043444,XQ,+101583,+2938,+0676,2016/09/06,15:52:58,+0306943187,-0881945013,+00062710,05
00043444,XQ,+101581,+2929,+0678,2016/09/06,15:52:59,+0306943205,-0881945104,+00062703,05
00043444,XQ,+101584,+2897,+0674,2016/09/06,15:53:00,+0306943218,-0881945214,+00062568,05
00043444,XQ,+101569,+2901,+0665,2016/09/06,15:53:01,+0306943207,-0881945240,+00062541,05
00043444,XQ,+101580,+2898,+0656,2016/09/06,15:53:02,+0306943229,-0881945343,+00062539,05
00043444,XQ,+101573,+2927,+0646,2016/09/06,15:53:03,+0306943248,-0881945408,+00062439,05
00043444,XQ,+101571,+2950,+0638,2016/09/06,15:53:04,+0306943286,-0881945467,+00062242,05
00043444,XQ,+101580,+2961,+0624,2016/09/06,15:53:05,+0306943269,-0881945441,+00062105,05
00043444,XQ,+101582,+2952,+0617,2016/09/06,15:53:06,+0306943224,-0881945203,+00061846,05
00043444,XQ,+101588,+2950,+0618,2016/09/06,15:53:07,+0306943225,-0881945170,+00061807,05
00043444,XQ,+101591,+2922,+0600,2016/09/06,15:53:08,+0306943230,-0881945196,+00061766,05
00043444,XQ,+101599,+2924,+0593,2016/09/06,15:53:09,+0306943244,-0881945276,+00061792,05
00043444,XQ,+101573,+2938,+0590,2016/09/06,15:53:10,+0306943265,-0881945320,+00061877,05
00043444,XQ,+101591,+2946,+0588,2016/09/06,15:53:11,+0306943284,-0881945371,+00061906,05
00043444,XQ,+101585,+2942,+0581,2016/09/06,15:53:12,+0306943300,-0881945417,+00061958,05
00043444,XQ,+101588,+2933,+0578,2016/09/06,15:53:13,+0306943318,-0881945467,+00062092,05
00043444,XQ,+101592,+2912,+0580,2016/09/06,15:53:14,+0306943307,-0881945486,+00062335,05
00043444,XQ,+101574,+2916,+0580,2016/09/06,15:53:15,+0306943314,-0881945479,+00062452,05
00043444,XQ,+101583,+2931,+0577,2016/09/06,15:53:16,+0306943325,-0881945498,+00062409,05
00043444,XQ,+101579,+2916,+0577,2016/09/06,15:53:17,+0306943354,-0881945531,+00062314,05
00043444,XQ,+101582,+2922,+0581,2016/09/06,15:53:18,+0306943397,-0881945571,+00062235,05
00043444,XQ,+101571,+2911,+0597,2016/09/06,15:53:19,+0306943419,-0881945569,+00062239,05
00043444,XQ,+101587,+2938,+0587,2016/09/06,15:53:20,+0306943434,-0881945710,+00062313,05
00043444,XQ,+101582,+2952,+0591,2016/09/06,15:53:21,+0306943596,-0881945941,+00061936,05
00043444,XQ,+101585,+2952,+0599,2016/09/06,15:53:22,+0306943609,-0881946015,+00062246,05
00043444,XQ,+101592,+2948,+0587,2016/09/06,15:53:23,+0306943582,-0881945982,+00062506,05
00043444,XQ,+101583,+2932,+0589,2016/09/06,15:53:24,+0306943589,-0881946017,+00062738,05
00043444,XQ,+101587,+2922,+0596,2016/09/06,15:53:25,+0306943609,-0881946069,+00062997,05
00043444,XQ,+101582,+2912,+0589,2016/09/06,15:53:26,+0306943591,-0881946079,+00062986,05
00043444,XQ,+101592,+2887,+0608,2016/09/06,15:53:27,+0306943578,-0881946098,+00063138,05
00043444,XQ,+101582,+2894,+0616,2016/09/06,15:53:28,+0306943540,-0881946094,+00063379,05
00043444,XQ,+101593,+2905,+0612,2016/09/06,15:53:29,+0306943549,-0881946135,+00063520,05
00043444,XQ,+101590,+2933,+0630,2016/09/06,15:53:30,+0306943516,-0881946105,+00063835,05
00043444,XQ,+101586,+2933,+0627,2016/09/06,15:53:31,+0306943484,-0881946062,+00064038,05
00043444,XQ,+101599,+2933,+0636,2016/09/06,15:53:32,+0306943462,-0881946002,+00064169,05
00043444,XQ,+101587,+2926,+0638,2016/09/06,15:53:33,+0306943463,-0881946032,+00064295,05
00043444,XQ,+101597,+2926,+0636,2016/09/06,15:53:34,+0306943467,-0881946034,+00064415,05
00043444,XQ,+101588,+2933,+0636,2016/09/06,15:53:35,+0306943454,-0881946059,+00064407,05
00043444,XQ,+101580,+2946,+0627,2016/09/06,15:53:36,+0306943426,-0881945993,+00064522,05
00043444,XQ,+101588,+2935,+0617,2016/09/06,15:53:37,+0306943393,-0881945839,+00064544,05
00043444,XQ,+101577,+2916,+0620,2016/09/06,15:53:38,+0306943394,-0881945884,+00064605,05
00043444,XQ,+101584,+2888,+0620,2016/09/06,15:53:39,+0306943366,-0881945834,+00064768,05
00043444,XQ,+101599,+2888,+0624,2016/09/06,15:53:40,+0306943361,-0881945841,+00064862,05
00043444,XQ,+101586,+2879,+0636,2016/09/06,15:53:41,+0306943372,-0881945872,+00064847,05
00043444,XQ,+101582,+2866,+0639,2016/09/06,15:53:42,+0306943342,-0881945802,+00064880,05
00043444,XQ,+101585,+2875,+0638,2016/09/06,15:53:43,+0306943331,-0881945795,+00065020,05
00043444,XQ,+101577,+2884,+0654,2016/09/06,15:53:44,+0306943330,-0881945751,+00065144,05
00043444,XQ,+101577,+2890,+0649,2016/09/06,15:53:45,+0306943355,-0881945797,+00065119,05
00043444,XQ,+101580,+2888,+0636,2016/09/06,15:53:46,+0306943363,-0881945802,+00065291,05
00043444,XQ,+101574,+2887,+0638,2016/09/06,15:53:47,+0306943372,-0881945856,+00065629,05
00043444,XQ,+101571,+2896,+0617,2016/09/06,15:53:48,+0306943379,-0881945834,+00065832,05
00043444,XQ,+101583,+2905,+0620,2016/09/06,15:53:49,+0306943369,-0881945849,+00066052,05
00043444,XQ,+101584,+2911,+0629,2016/09/06,15:53:50,+0306943419,-0881945870,+00065830,05
00043444,XQ,+101590,+2901,+0616,2016/09/06,15:53:51,+0306943461,-0881945883,+00065253,05
00043444,XQ,+101594,+2893,+0620,2016/09/06,15:53:52,+0306943574,-0881945984,+00065041,05
00043444,XQ,+101589,+2895,+0620,2016/09/06,15:53:53,+0306943553,-0881945940,+00064972,05
00043444,XQ,+101584,+2892,+0618,2016/09/06,15:53:54,+0306943519,-0881945911,+00064952,05
00043444,XQ,+101576,+2879,+0617,2016/09/06,15:53:55,+0306943496,-0881945824,+00064888,05
00043444,XQ,+101596,+2874,+0597,2016/09/06,15:53:56,+0306943504,-0881945810,+00064756,05
00043444,XQ,+101585,+2892,+0581,2016/09/06,15:53:57,+0306943542,-0881946059,+00064422,04
00043444,XQ,+101590,+2885,+0560,2016/09/06,15:53:58,+0306943554,-0881946145,+00063452,04
00043444,XQ,+101596,+2875,+0556,2016/09/06,15:53:59,+0306943599,-0881946154,+00063405,05
00043444,XQ,+101595,+2918,+0561,2016/09/06,15:54:00,+0306943627,-0881946141,+00063323,05
00043444,XQ,+101586,+2901,+0558,2016/09/06,15:54:01,+0306943604,-0881946139,+00063322,05
00043444,XQ,+101582,+2879,+0554,2016/09/06,15:54:02,+0306943626,-0881946158,+00063241,05
00043444,XQ,+101596,+2855,+0557,2016/09/06,15:54:03,+0306943634,-0881946219,+00063082,05
00043444,XQ,+101598,+2858,+0559,2016/09/06,15:54:04,+0306943656,-0881946231,+00063042,05
00043444,XQ,+101597,+2867,+0571,2016/09/06,15:54:05,+0306943686,-0881946289,+00062996,05
00043444,XQ,+101589,+2870,+0569,2016/09/06,15:54:06,+0306943826,-0881946239,+00062983,05
00043444,XQ,+101597,+2861,+0570,2016/09/06,15:54:07,+0306943820,-0881946157,+00062973,05
00043444,XQ,+101594,+2862,+0574,2016/09/06,15:54:08,+0306943797,-0881945987,+00062936,05
00043444,XQ,+101606,+2886,+0578,2016/09/06,15:54:09,+0306943769,-0881945821,+00062946,05
00043444,XQ,+101599,+2897,+0579,2016/09/06,15:54:10,+0306943863,-0881945936,+00062984,05
00043444,XQ,+101602,+2890,+0584,2016/09/06,15:54:11,+0306943902,-0881945982,+00063033,05
00043444,XQ,+101607,+2887,+0594,2016/09/06,15:54:12,+0306943890,-0881945910,+00063030,05
00043444,XQ,+101600,+2890,+0589,2016/09/06,15:54:13,+0306943872,-0881945912,+00063093,05
00043444,XQ,+101594,+2883,+0586,2016/09/06,15:54:14,+0306943887,-0881945892,+00063161,05
00043444,XQ,+101602,+2888,+0600,2016/09/06,15:54:15,+0306943851,-0881945871,+00063215,05
00043444,XQ,+101599,+2911,+0600,2016/09/06,15:54:16,+0306943831,-0881945838,+00063272,05
00043444,XQ,+101594,+2920,+0593,2016/09/06,15:54:17,+0306943798,-0881945806,+00063312,05
00043444,XQ,+101604,+2908,+0595,2016/09/06,15:54:18,+0306943844,-0881945858,+00063279,05
00043444,XQ,+101598,+2907,+0598,2016/09/06,15:54:19,+0306943819,-0881945844,+00063293,05
00043444,XQ,+101596,+2894,+0589,2016/09/06,15:54:20,+0306943815,-0881945814,+00063314,05
00043444,XQ,+101604,+2873,+0591,2016/09/06,15:54:21,+0306943831,-0881945807,+00063292,05
00043444,XQ,+101595,+2867,+0598,2016/09/06,15:54:22,+0306943835,-0881945745,+00063302,05
00043444,XQ,+101598,+2872,+0598,2016/09/06,15:54:23,+0306943854,-0881945716,+00063356,05
00043444,XQ,+101602,+2867,+0604,2016/09/06,15:54:24,+0306943809,-0881945692,+00063387,05
00043444,XQ,+101598,+2870,+0605,2016/09/06,15:54:25,+0306943747,-0881945630,+00063447,05
00043444,XQ,+101600,+2877,+0617,2016/09/06,15:54:26,+0306943770,-0881945716,+00063454,05
00043444,XQ,+101594,+2877,+0618,2016/09/06,15:54:27,+0306943710,-0881945655,+00063420,05
00043444,XQ,+101599,+2877,+0612,2016/09/06,15:54:28,+0306943668,-0881945645,+00063358,04
00043444,XQ,+101597,+2836,+0634,2016/09/06,15:54:31,+0306943714,-0881945712,+00063269,04
00043444,XQ,+101604,+2827,+0645,2016/09/06,15:54:32,+0306943755,-0881945731,+00063189,04
00043444,XQ,+101597,+2843,+0645,2016/09/06,15:54:33,+0306943782,-0881945770,+00063079,04
00043444,XQ,+101607,+2850,+0653,2016/09/06,15:54:34,+0306943817,-0881945805,+00062954,04
00043444,XQ,+101601,+2841,+0649,2016/09/06,15:54:35,+0306943892,-0881945789,+00062842,04
00043444,XQ,+101598,+2831,+0657,2016/09/06,15:54:36,+0306943927,-0881945763,+00062688,04
00043444,XQ,+101605,+2839,+0655,2016/09/06,15:54:37,+0306943943,-0881945850,+00062572,04
00043444,XQ,+101596,+2841,+0658,2016/09/06,15:54:38,+0306943968,-0881945957,+00062434,04
00043444,XQ,+101592,+2874,+0637,2016/09/06,15:54:42,+0306944061,-0881946021,+00062386,05
00043444,XQ,+101603,+2862,+0649,2016/09/06,15:54:43,+0306944083,-0881946101,+00062326,05
00043444,XQ,+101597,+2896,+0652,2016/09/06,15:54:44,+0306944090,-0881945902,+00062091,05
00043444,XQ,+101593,+2961,+0649,2016/09/06,15:54:45,+0306944059,-0881945791,+00061883,05
00043444,XQ,+101599,+2962,+0641,2016/09/06,15:54:46,+0306944058,-0881945684,+00061754,05
00043444,XQ,+101595,+2958,+0659,2016/09/06,15:54:47,+0306944081,-0881945926,+00061662,05
00043444,XQ,+101598,+2945,+0643,2016/09/06,15:54:48,+0306944096,-0881945871,+00061590,05
00043444,XQ,+101604,+2945,+0639,2016/09/06,15:54:49,+0306944077,-0881945808,+00061462,05
00043444,XQ,+101602,+2951,+0657,2016/09/06,15:54:50,+0306944022,-0881945716,+00061491,05
00043444,XQ,+101594,+2985,+0652,2016/09/06,15:54:51,+0306943998,-0881945753,+00061529,05
00043444,XQ,+101592,+2970,+0635,2016/09/06,15:54:52,+0306943935,-0881945718,+00061678,05
00043444,XQ,+101591,+2935,+0619,2016/09/06,15:54:53,+0306943945,-0881945784,+00061685,05
00043444,XQ,+101591,+2916,+0637,2016/09/06,15:54:54,+0306943939,-0881945639,+00061711,05
00043444,XQ,+101594,+2926,+0621,2016/09/06,15:54:55,+0306943969,-0881945657,+00061772,05
00043444,XQ,+101583,+2929,+0634,2016/09/06,15:54:56,+0306943957,-0881945635,+00061766,05
00043444,XQ,+101588,+2933,+0640,2016/09/06,15:54:57,+0306943995,-0881945621,+00061638,05
00043444,XQ,+101576,+2979,+0659,2016/09/06,15:54:58,+0306943982,-0881945641,+00061531,05
00043444,XQ,+101578,+3006,+0639,2016/09/06,15:54:59,+0306943903,-0881945417,+00061364,05
00043444,XQ,+101584,+2977,+0643,2016/09/06,15:55:00,+0306943883,-0881945355,+00061292,05
00043444,XQ,+101591,+2930,+0620,2016/09/06,15:55:01,+0306943889,-0881945383,+00061110,05
00043444,XQ,+101603,+2973,+0619,2016/09/06,15:55:02,+0306943935,-0881945456,+00061102,05
00043444,XQ,+101590,+2978,+0617,2016/09/06,15:55:03,+0306943951,-0881945563,+00060915,05
00043444,XQ,+101592,+2959,+0616,2016/09/06,15:55:04,+0306943911,-0881945519,+00060663,05
00043444,XQ,+101585,+2924,+0616,2016/09/06,15:55:05,+0306943947,-0881945620,+00060467,05
00043444,XQ,+101598,+2950,+0621,2016/09/06,15:55:06,+0306943918,-0881945608,+00060348,05
00043444,XQ,+101606,+2954,+0625,2016/09/06,15:55:07,+0306944021,-0881945956,+00060462,05
00043444,XQ,+101604,+2941,+0620,2016/09/06,15:55:08,+0306944001,-0881945990,+00060285,05
00043444,XQ,+101600,+2965,+0617,2016/09/06,15:55:09,+0306943950,-0881945956,+00060307,05
00043444,XQ,+101594,+2960,+0640,2016/09/06,15:55:10,+0306943957,-0881946079,+00060214,05
00043444,XQ,+101591,+2992,+0631,2016/09/06,15:55:11,+0306943933,-0881946080,+00060041,05
00043444,XQ,+101588,+3015,+0619,2016/09/06,15:55:12,+0306943945,-0881946230,+00060063,05
00043444,XQ,+101591,+3023,+0630,2016/09/06,15:55:13,+0306943930,-0881946239,+00060010,05
00043444,XQ,+101596,+3028,+0617,2016/09/06,15:55:14,+0306943859,-0881946233,+00059925,05
00043444,XQ,+101591,+2961,+0603,2016/09/06,15:55:15,+0306943835,-0881946089,+00059883,05
00043444,XQ,+101588,+2937,+0620,2016/09/06,15:55:16,+0306943815,-0881946012,+00059934,05
00043444,XQ,+101590,+2937,+0599,2016/09/06,15:55:17,+0306943848,-0881945994,+00059783,05
00043444,XQ,+101585,+2931,+0606,2016/09/06,15:55:18,+0306943909,-0881945949,+00059563,05
00043444,XQ,+101589,+2912,+0600,2016/09/06,15:55:19,+0306943957,-0881946053,+00059557,05
00043444,XQ,+101582,+2926,+0599,2016/09/06,15:55:20,+0306943970,-0881946045,+00059329,05
00043444,XQ,+101577,+2939,+0610,2016/09/06,15:55:21,+0306943904,-0881945989,+00059129,05
00043444,XQ,+101586,+2949,+0600,2016/09/06,15:55:22,+0306943864,-0881945930,+00059074,05
00043444,XQ,+101581,+2944,+0595,2016/09/06,15:55:23,+0306943834,-0881945909,+00058913,05
00043444,XQ,+101593,+2944,+0598,2016/09/06,15:55:24,+0306943795,-0881945901,+00058744,05
00043444,XQ,+101580,+2942,+0589,2016/09/06,15:55:25,+0306943768,-0881945827,+00058786,05
00043444,XQ,+101577,+2969,+0603,2016/09/06,15:55:26,+0306943789,-0881945815,+00058721,05
00043444,XQ,+101580,+2990,+0599,2016/09/06,15:55:27,+0306943829,-0881945847,+00058701,05
00043444,XQ,+101577,+2984,+0600,2016/09/06,15:55:28,+0306943820,-0881945880,+00058616,05
00043444,XQ,+101583,+2992,+0613,2016/09/06,15:55:29,+0306943852,-0881945949,+00058679,05
00043444,XQ,+101588,+2975,+0603,2016/09/06,15:55:30,+0306943865,-0881945972,+00058532,05
00043444,XQ,+101582,+2945,+0604,2016/09/06,15:55:31,+0306943820,-0881945906,+00058333,05
00043444,XQ,+101583,+2922,+0604,2016/09/06,15:55:32,+0306943797,-0881945935,+00058210,05
00043444,XQ,+101580,+2950,+0602,2016/09/06,15:55:33,+0306943809,-0881946037,+00057865,05
00043444,XQ,+101578,+2960,+0606,2016/09/06,15:55:34,+0306943814,-0881946057,+00057774,05
00043444,XQ,+101585,+2950,+0602,2016/09/06,15:55:35,+0306943869,-0881946107,+00057460,05
00043444,XQ,+101582,+2964,+0594,2016/09/06,15:55:36,+0306943869,-0881946125,+00057198,05
00043444,XQ,+101590,+3004,+0598,2016/09/06,15:55:37,+0306943920,-0881946246,+00056823,05
00043444,XQ,+101577,+3021,+0591,2016/09/06,15:55:38,+0306943872,-0881946245,+00056669,05
00043444,XQ,+101591,+3017,+0602,2016/09/06,15:55:39,+0306943847,-0881946223,+00056490,05
00043444,XQ,+101578,+3005,+0604,2016/09/06,15:55:40,+0306943846,-0881946213,+00056412,05
00043444,XQ,+101581,+3005,+0604,2016/09/06,15:55:41,+0306943766,-0881946025,+00056153,05
00043444,XQ,+101586,+3000,+0595,2016/09/06,15:55:42,+0306943833,-0881946161,+00056205,05
00043444,XQ,+101585,+2992,+0602,2016/09/06,15:55:43,+0306943928,-0881946190,+00056120,05
00043444,XQ,+101581,+2983,+0598,2016/09/06,15:55:44,+0306943953,-0881946213,+00056290,05
00043444,XQ,+101592,+2949,+0599,2016/09/06,15:55:45,+0306943999,-0881946278,+00056353,05
00043444,XQ,+101589,+2949,+0600,2016/09/06,15:55:46,+0306944003,-0881946299,+00056448,05
00043444,XQ,+101591,+2975,+0601,2016/09/06,15:55:47,+0306944086,-0881946461,+00056183,05
00043444,XQ,+101581,+3001,+0604,2016/09/06,15:55:48,+0306944052,-0881946409,+00056343,05
00043444,XQ,+101584,+3001,+0600,2016/09/06,15:55:49,+0306944036,-0881946360,+00056351,05
00043444,XQ,+101589,+3033,+0622,2016/09/06,15:55:50,+0306944033,-0881946417,+00056394,05
00043444,XQ,+101586,+3052,+0605,2016/09/06,15:55:51,+0306944039,-0881946497,+00056450,05
00043444,XQ,+101595,+3052,+0607,2016/09/06,15:55:52,+0306944039,-0881946519,+00056428,05
00043444,XQ,+101591,+3030,+0605,2016/09/06,15:55:53,+0306944044,-0881946585,+00056511,05
00043444,XQ,+101597,+3005,+0602,2016/09/06,15:55:54,+0306943993,-0881946500,+00056943,05
00043444,XQ,+101593,+2988,+0615,2016/09/06,15:55:55,+0306944016,-0881946630,+00057094,05
00043444,XQ,+101593,+2966,+0604,2016/09/06,15:55:56,+0306944013,-0881946690,+00057181,05
00043444,XQ,+101585,+2928,+0621,2016/09/06,15:55:57,+0306943991,-0881946688,+00057381,05
00043444,XQ,+101585,+2933,+0611,2016/09/06,15:55:58,+0306944029,-0881946849,+00057509,05
00043444,XQ,+101587,+2962,+0603,2016/09/06,15:55:59,+0306944027,-0881946936,+00057577,05
00043444,XQ,+101597,+2974,+0604,2016/09/06,15:56:00,+0306944028,-0881947014,+00057496,05
00043444,XQ,+101590,+2976,+0600,2016/09/06,15:56:01,+0306943972,-0881947044,+00057674,05
00043444,XQ,+101589,+2973,+0601,2016/09/06,15:56:02,+0306943959,-0881947075,+00057898,05
00043444,XQ,+101588,+2976,+0599,2016/09/06,15:56:03,+0306943959,-0881947131,+00058184,05
00043444,XQ,+101587,+2969,+0600,2016/09/06,15:56:04,+0306943951,-0881947122,+00058413,05
00043444,XQ,+101599,+2961,+0618,2016/09/06,15:56:05,+0306943940,-0881947083,+00058659,05
00043444,XQ,+101588,+2963,+0598,2016/09/06,15:56:06,+0306943914,-0881947022,+00058813,05
00043444,XQ,+101603,+2949,+0601,2016/09/06,15:56:07,+0306943949,-0881947149,+00058791,05
00043444,XQ,+101597,+2942,+0598,2016/09/06,15:56:08,+0306943917,-0881947121,+00059008,05
00043444,XQ,+101594,+2932,+0608,2016/09/06,15:56:09,+0306943931,-0881947150,+00059034,05
00043444,XQ,+101588,+2935,+0600,2016/09/06,15:56:10,+0306943914,-0881947149,+00059193,05
00043444,XQ,+101584,+2925,+0599,2016/09/06,15:56:11,+0306943861,-0881947097,+00059470,05
00043444,XQ,+101595,+2931,+0598,2016/09/06,15:56:12,+0306943847,-0881947073,+00059575,05
00043444,XQ,+101583,+2961,+0593,2016/09/06,15:56:13,+0306943777,-0881947013,+00059890,05
00043444,XQ,+101589,+2997,+0586,2016/09/06,15:56:14,+0306943733,-0881946908,+00059980,05
00043444,XQ,+101593,+2996,+0588,2016/09/06,15:56:15,+0306943738,-0881946868,+00059973,05
00043444,XQ,+101589,+2988,+0589,2016/09/06,15:56:16,+0306943703,-0881946797,+00060135,05
00043444,XQ,+101598,+2988,+0601,2016/09/06,15:56:17,+0306943707,-0881946746,+00060057,05
00043444,XQ,+101592,+2967,+0601,2016/09/06,15:56:18,+0306943787,-0881946866,+00060121,05
00043444,XQ,+101586,+2973,+0600,2016/09/06,15:56:19,+0306943815,-0881946890,+00060153,05
00043444,XQ,+101594,+2977,+0603,2016/09/06,15:56:20,+0306943902,-0881947060,+00059833,05
00043444,XQ,+101599,+2969,+0604,2016/09/06,15:56:21,+0306943957,-0881947152,+00059886,05
00043444,XQ,+101590,+2997,+0622,2016/09/06,15:56:22,+0306944004,-0881947321,+00059874,05
00043444,XQ,+101591,+3009,+0616,2016/09/06,15:56:23,+0306944018,-0881947370,+00060057,05
00043444,XQ,+101593,+2942,+0599,2016/09/06,15:56:24,+0306944051,-0881947442,+00060009,05
00043444,XQ,+101588,+2931,+0607,2016/09/06,15:56:25,+0306944072,-0881947485,+00060179,05
00043444,XQ,+101574,+2954,+0609,2016/09/06,15:56:26,+0306944063,-0881947487,+00060643,05
00043444,XQ,+101587,+2967,+0604,2016/09/06,15:56:27,+0306944044,-0881947505,+00060753,05
00043444,XQ,+101585,+2924,+0599,2016/09/06,15:56:28,+0306944047,-0881947534,+00060691,04
00043444,XQ,+101577,+2890,+0600,2016/09/06,15:56:29,+0306944072,-0881947586,+00060666,04
00043444,XQ,+101578,+2916,+0602,2016/09/06,15:56:30,+0306944093,-0881947641,+00060686,04
00043444,XQ,+101586,+2910,+0611,2016/09/06,15:56:31,+0306944103,-0881947679,+00060848,04
00043444,XQ,+101597,+2931,+0611,2016/09/06,15:56:32,+0306944080,-0881947641,+00060833,04
00043444,XQ,+101590,+2942,+0604,2016/09/06,15:56:33,+0306944070,-0881947615,+00061161,05
00043444,XQ,+101587,+2947,+0619,2016/09/06,15:56:34,+0306944027,-0881947597,+00061419,05
00043444,XQ,+101577,+2979,+0622,2016/09/06,15:56:35,+0306944037,-0881947578,+00061525,05
00043444,XQ,+101593,+2996,+0608,2016/09/06,15:56:36,+0306944034,-0881947602,+00061376,05
00043444,XQ,+101601,+3013,+0613,2016/09/06,15:56:37,+0306944038,-0881947595,+00061689,05
00043444,XQ,+101590,+3005,+0599,2016/09/06,15:56:38,+0306944027,-0881947570,+00061774,05
00043444,XQ,+101590,+2998,+0600,2016/09/06,15:56:39,+0306944025,-0881947567,+00061847,05
00043444,XQ,+101597,+3000,+0603,2016/09/06,15:56:40,+0306944005,-0881947499,+00061555,05
00043444,XQ,+101596,+3009,+0602,2016/09/06,15:56:41,+0306944020,-0881947476,+00061554,05
00043444,XQ,+101593,+2995,+0603,2016/09/06,15:56:42,+0306944004,-0881947411,+00061743,05
00043444,XQ,+101595,+2944,+0590,2016/09/06,15:56:43,+0306944094,-0881947547,+00061835,05
00043444,XQ,+101605,+2935,+0600,2016/09/06,15:56:44,+0306944110,-0881947548,+00061908,05
00043444,XQ,+101594,+2940,+0602,2016/09/06,15:56:45,+0306944085,-0881947474,+00062093,05
00043444,XQ,+101594,+2956,+0583,2016/09/06,15:56:46,+0306944098,-0881947466,+00061917,05
00043444,XQ,+101586,+2941,+0598,2016/09/06,15:56:47,+0306944105,-0881947435,+00061845,05
00043444,XQ,+101589,+2928,+0600,2016/09/06,15:56:48,+0306944109,-0881947411,+00062240,05
00043444,XQ,+101599,+2948,+0594,2016/09/06,15:56:49,+0306944105,-0881947350,+00062417,05
00043444,XQ,+101599,+2992,+0590,2016/09/06,15:56:50,+0306944112,-0881947332,+00062242,05
00043444,XQ,+101597,+3032,+0603,2016/09/06,15:56:51,+0306944141,-0881947345,+00062337,05
00043444,XQ,+101603,+3025,+0603,2016/09/06,15:56:52,+0306944115,-0881947347,+00062338,05
00043444,XQ,+101599,+3017,+0600,2016/09/06,15:56:53,+0306944110,-0881947303,+00062612,05
00043444,XQ,+101601,+3021,+0608,2016/09/06,15:56:54,+0306944102,-0881947340,+00062750,05
00043444,XQ,+101611,+3011,+0598,2016/09/06,15:56:55,+0306944127,-0881947331,+00062345,05
00043444,XQ,+101606,+3010,+0601,2016/09/06,15:56:56,+0306944140,-0881947321,+00061685,05
00043444,XQ,+101595,+3019,+0600,2016/09/06,15:56:57,+0306944115,-0881947278,+00061973,05
00043444,XQ,+101591,+3011,+0601,2016/09/06,15:56:58,+0306944077,-0881947175,+00062097,05
00043444,XQ,+101599,+3000,+0602,2016/09/06,15:56:59,+0306944066,-0881947111,+00061886,05
00043444,XQ,+101604,+2980,+0577,2016/09/06,15:57:00,+0306944069,-0881947090,+00061595,05
00043444,XQ,+101600,+2984,+0573,2016/09/06,15:57:01,+0306944070,-0881947123,+00061284,05
00043444,XQ,+101602,+2991,+0584,2016/09/06,15:57:02,+0306944092,-0881947215,+00061119,05
00043444,XQ,+101613,+2988,+0581,2016/09/06,15:57:03,+0306944109,-0881947280,+00061037,05
00043444,XQ,+101597,+2988,+0604,2016/09/06,15:57:04,+0306944084,-0881947255,+00061031,05
00043444,XQ,+101599,+2981,+0580,2016/09/06,15:57:05,+0306944071,-0881947267,+00061121,05
00043444,XQ,+101602,+2943,+0589,2016/09/06,15:57:06,+0306944068,-0881947280,+00061177,05
00043444,XQ,+101606,+2922,+0576,2016/09/06,15:57:07,+0306944043,-0881947242,+00061221,05
00043444,XQ,+101600,+2916,+0579,2016/09/06,15:57:08,+0306944052,-0881947258,+00061144,05
00043444,XQ,+101590,+2941,+0581,2016/09/06,15:57:09,+0306944050,-0881947248,+00061483,05
00043444,XQ,+101595,+2947,+0583,2016/09/06,15:57:10,+0306944035,-0881947181,+00061021,05
00043444,XQ,+101603,+2962,+0581,2016/09/06,15:57:11,+0306944000,-0881947111,+00061184,05
00043444,XQ,+101606,+2958,+0603,2016/09/06,15:57:12,+0306943970,-0881947036,+00061224,05
00043444,XQ,+101603,+2957,+0594,2016/09/06,15:57:13,+0306943945,-0881946981,+00061093,05
00043444,XQ,+101594,+2965,+0596,2016/09/06,15:57:14,+0306943892,-0881946893,+00061415,05
00043444,XQ,+101594,+2971,+0602,2016/09/06,15:57:15,+0306943859,-0881946845,+00061380,05
00043444,XQ,+101598,+2931,+0600,2016/09/06,15:57:16,+0306943831,-0881946821,+00061290,05
00043444,XQ,+101603,+2921,+0594,2016/09/06,15:57:17,+0306943787,-0881946773,+00061274,05
00043444,XQ,+101609,+2939,+0603,2016/09/06,15:57:18,+0306943779,-0881946748,+00061214,05
00043444,XQ,+101619,+2949,+0598,2016/09/06,15:57:19,+0306943763,-0881946708,+00061304,05
00043444,XQ,+101602,+2958,+0602,2016/09/06,15:57:20,+0306943740,-0881946661,+00061342,05
00043444,XQ,+101594,+2990,+0598,2016/09/06,15:57:21,+0306943709,-0881946597,+00061823,05
00043444,XQ,+101601,+2996,+0596,2016/09/06,15:57:22,+0306943682,-0881946573,+00062100,05
00043444,XQ,+101597,+2984,+0602,2016/09/06,15:57:23,+0306943673,-0881946578,+00062302,05
00043444,XQ,+101598,+3009,+0599,2016/09/06,15:57:24,+0306943592,-0881946544,+00062457,05
00043444,XQ,+101592,+3064,+0606,2016/09/06,15:57:25,+0306943577,-0881946530,+00062414,05
00043444,XQ,+101574,+3068,+0616,2016/09/06,15:57:26,+0306943567,-0881946626,+00062505,05
00043444,XQ,+101593,+3068,+0600,2016/09/06,15:57:27,+0306943542,-0881946650,+00062676,05
00043444,XQ,+101585,+3036,+0599,2016/09/06,15:57:28,+0306943535,-0881946628,+00062810,05
00043444,XQ,+101598,+2998,+0601,2016/09/06,15:57:29,+0306943536,-0881946560,+00062961,05
00043444,XQ,+101601,+3027,+0612,2016/09/06,15:57:30,+0306943560,-0881946637,+00062918,05
00043444,XQ,+101611,+3082,+0614,2016/09/06,15:57:31,+0306943519,-0881946604,+00063082,05
00043444,XQ,+101596,+3094,+0603,2016/09/06,15:57:32,+0306943528,-0881946642,+00063203,05
00043444,XQ,+101593,+3064,+0599,2016/09/06,15:57:33,+0306943534,-0881946594,+00063267,05
00043444,XQ,+101600,+3029,+0591,2016/09/06,15:57:34,+0306943556,-0881946592,+00063324,05
00043444,XQ,+101580,+3004,+0600,2016/09/06,15:57:35,+0306943568,-0881946581,+00063494,05
00043444,XQ,+101596,+2957,+0603,2016/09/06,15:57:36,+0306943573,-0881946588,+00063577,05
00043444,XQ,+101589,+2951,+0589,2016/09/06,15:57:37,+0306943591,-0881946616,+00063440,05
00043444,XQ,+101589,+2944,+0587,2016/09/06,15:57:38,+0306943633,-0881946684,+00063129,05
00043444,XQ,+101580,+2963,+0594,2016/09/06,15:57:39,+0306943667,-0881946718,+00062667,05
00043444,XQ,+101576,+2991,+0598,2016/09/06,15:57:40,+0306943675,-0881946678,+00062743,05
00043444,XQ,+101585,+2984,+0600,2016/09/06,15:57:41,+0306943662,-0881946623,+00062606,05
00043444,XQ,+101586,+2968,+0592,2016/09/06,15:57:42,+0306943659,-0881946581,+00062546,05
00043444,XQ,+101606,+2960,+0603,2016/09/06,15:57:43,+0306943655,-0881946546,+00062456,05
00043444,XQ,+101602,+2977,+0600,2016/09/06,15:57:44,+0306943649,-0881946558,+00062491,05
00043444,XQ,+101609,+2971,+0592,2016/09/06,15:57:45,+0306943626,-0881946499,+00062326,05
00043444,XQ,+101589,+2958,+0591,2016/09/06,15:57:46,+0306943601,-0881946480,+00062262,05
00043444,XQ,+101590,+2952,+0596,2016/09/06,15:57:47,+0306943598,-0881946521,+00062358,05
00043444,XQ,+101595,+2978,+0599,2016/09/06,15:57:48,+0306943600,-0881946571,+00062371,05
00043444,XQ,+101585,+2971,+0600,2016/09/06,15:57:49,+0306943617,-0881946595,+00062206,05
00043444,XQ,+101597,+2997,+0601,2016/09/06,15:57:50,+0306943606,-0881946603,+00062267,05
00043444,XQ,+101592,+2976,+0589,2016/09/06,15:57:51,+0306943643,-0881946649,+00062085,05
00043444,XQ,+101581,+2963,+0583,2016/09/06,15:57:52,+0306943681,-0881946718,+00061945,05
00043444,XQ,+101587,+2965,+0596,2016/09/06,15:57:53,+0306943691,-0881946755,+00062119,05
00043444,XQ,+101591,+2973,+0590,2016/09/06,15:57:54,+0306943684,-0881946756,+00062109,05
00043444,XQ,+101587,+2967,+0588,2016/09/06,15:57:55,+0306943691,-0881946778,+00062012,05
00043444,XQ,+101582,+2962,+0586,2016/09/06,15:57:56,+0306943720,-0881946746,+00061662,05
00043444,XQ,+101585,+2960,+0577,2016/09/06,15:57:57,+0306943726,-0881946767,+00061704,05
00043444,XQ,+101589,+2982,+0600,2016/09/06,15:57:58,+0306943712,-0881946779,+00061913,05
00043444,XQ,+101583,+2977,+0600,2016/09/06,15:57:59,+0306943699,-0881946760,+00062059,05
00043444,XQ,+101605,+2994,+0599,2016/09/06,15:58:00,+0306943686,-0881946754,+00062086,05
00043444,XQ,+101607,+2993,+0606,2016/09/06,15:58:01,+0306943729,-0881946780,+00062069,05
00043444,XQ,+101606,+2996,+0600,2016/09/06,15:58:02,+0306943634,-0881946635,+00062251,05
00043444,XQ,+101599,+3001,+0590,2016/09/06,15:58:03,+0306943641,-0881946650,+00062202,05
00043444,XQ,+101590,+3033,+0605,2016/09/06,15:58:04,+0306943648,-0881946644,+00062419,05
00043444,XQ,+101598,+3046,+0593,2016/09/06,15:58:05,+0306943621,-0881946594,+00062501,05
00043444,XQ,+101600,+3021,+0591,2016/09/06,15:58:06,+0306943634,-0881946623,+00062425,05
00043444,XQ,+101574,+3009,+0600,2016/09/06,15:58:07,+0306943627,-0881946599,+00062470,05
00043444,XQ,+101582,+3011,+0602,2016/09/06,15:58:08,+0306943625,-0881946564,+00062427,05
00043444,XQ,+101584,+3000,+0611,2016/09/06,15:58:09,+0306943653,-0881946541,+00062382,05
00043444,XQ,+101584,+2993,+0601,2016/09/06,15:58:10,+0306943676,-0881946517,+00062242,05
00043444,XQ,+101599,+2990,+0583,2016/09/06,15:58:11,+0306943700,-0881946486,+00062118,05
00043444,XQ,+101587,+3010,+0580,2016/09/06,15:58:12,+0306943687,-0881946414,+00062224,05
00043444,XQ,+101586,+3004,+0579,2016/09/06,15:58:13,+0306943697,-0881946399,+00062212,05
00043444,XQ,+101579,+2989,+0587,2016/09/06,15:58:14,+0306943690,-0881946353,+00062202,05
00043444,XQ,+101601,+3005,+0590,2016/09/06,15:58:15,+0306943715,-0881946371,+00062041,05
00043444,XQ,+101574,+2996,+0602,2016/09/06,15:58:16,+0306943706,-0881946352,+00062009,05
00043444,XQ,+101584,+3014,+0595,2016/09/06,15:58:17,+0306943704,-0881946367,+00062077,05
00043444,XQ,+101586,+3014,+0596,2016/09/06,15:58:18,+0306943724,-0881946419,+00062030,05
00043444,XQ,+101589,+3031,+0602,2016/09/06,15:58:19,+0306943747,-0881946448,+00061914,05
00043444,XQ,+101569,+3056,+0584,2016/09/06,15:58:20,+0306943759,-0881946479,+00061793,04
00043444,XQ,+101590,+3029,+0622,2016/09/06,15:58:21,+0306943751,-0881946500,+00061928,04
00043444,XQ,+101588,+2999,+0593,2016/09/06,15:58:22,+0306943759,-0881946547,+00061990,04
00043444,XQ,+101582,+2988,+0600,2016/09/06,15:58:23,+0306943825,-0881946640,+00061852,04
00043444,XQ,+101581,+2938,+0598,2016/09/06,15:58:24,+0306943823,-0881946643,+00061874,04
00043444,XQ,+101580,+2936,+0612,2016/09/06,15:58:25,+0306943873,-0881946557,+00061740,05
00043444,XQ,+101579,+2970,+0613,2016/09/06,15:58:26,+0306943918,-0881946661,+00061812,05
00043444,XQ,+101588,+2968,+0602,2016/09/06,15:58:27,+0306943955,-0881946827,+00062094,04
00043444,XQ,+101590,+2963,+0619,2016/09/06,15:58:28,+0306943984,-0881946900,+00062211,04
00043444,XQ,+101594,+2959,+0603,2016/09/06,15:58:29,+0306943984,-0881946920,+00062225,04
00043444,XQ,+101591,+2956,+0599,2016/09/06,15:58:30,+0306944033,-0881947041,+00062278,04
00043444,XQ,+101589,+2963,+0601,2016/09/06,15:58:31,+0306944015,-0881947020,+00062485,04
00043444,XQ,+101584,+2963,+0600,2016/09/06,15:58:32,+0306943919,-0881946859,+00062901,04
00043444,XQ,+101593,+2943,+0602,2016/09/06,15:58:33,+0306943866,-0881946786,+00063038,05
00043444,XQ,+101597,+2931,+0590,2016/09/06,15:58:34,+0306943818,-0881946804,+00063382,05
00043444,XQ,+101578,+2941,+0600,2016/09/06,15:58:35,+0306943755,-0881946696,+00063672,05
00043444,XQ,+101589,+2954,+0592,2016/09/06,15:58:36,+0306943720,-0881946823,+00063268,04
00043444,XQ,+101587,+2959,+0604,2016/09/06,15:58:37,+0306943603,-0881946524,+00063318,04
00043444,XQ,+101597,+2957,+0591,2016/09/06,15:58:38,+0306943529,-0881946434,+00063376,04
00043444,XQ,+101588,+2946,+0602,2016/09/06,15:58:39,+0306943491,-0881946435,+00063468,04
00043444,XQ,+101587,+2938,+0593,2016/09/06,15:58:40,+0306943455,-0881946375,+00063449,04
00043444,XQ,+101588,+2954,+0603,2016/09/06,15:58:41,+0306943434,-0881946352,+00063408,04
00043444,XQ,+101590,+2954,+0592,2016/09/06,15:58:42,+0306943425,-0881946303,+00063393,04
00043444,XQ,+101596,+2956,+0602,2016/09/06,15:58:43,+0306943400,-0881946081,+00063334,05
00043444,XQ,+101592,+2954,+0600,2016/09/06,15:58:44,+0306943361,-0881945938,+00063304,05
00043444,XQ,+101586,+2926,+0609,2016/09/06,15:58:45,+0306943308,-0881945679,+00063205,05
00043444,XQ,+101600,+2911,+0600,2016/09/06,15:58:46,+0306943268,-0881945540,+00063179,05
00043444,XQ,+101585,+2926,+0599,2016/09/06,15:58:47,+0306943227,-0881945386,+00063071,05
00043444,XQ,+101591,+2920,+0605,2016/09/06,15:58:48,+0306943205,-0881945314,+00063000,05
00043444,XQ,+101595,+2931,+0603,2016/09/06,15:58:49,+0306943194,-0881945177,+00063027,05
00043444,XQ,+101590,+2929,+0604,2016/09/06,15:58:50,+0306943245,-0881945246,+00063083,05
00043444,XQ,+101590,+2931,+0600,2016/09/06,15:58:51,+0306943249,-0881945221,+00063163,05
00043444,XQ,+101606,+2940,+0603,2016/09/06,15:58:52,+0306943236,-0881945184,+00063290,05
00043444,XQ,+101594,+2952,+0595,2016/09/06,15:58:53,+0306943234,-0881945147,+00063352,05
00043444,XQ,+101593,+2941,+0603,2016/09/06,15:58:54,+0306943229,-0881945128,+00063414,05
00043444,XQ,+101596,+2950,+0604,2016/09/06,15:58:55,+0306943243,-0881945137,+00063388,05
00043444,XQ,+101593,+2942,+0600,2016/09/06,15:58:56,+0306943250,-0881945113,+00063330,05
00043444,XQ,+101613,+2924,+0584,2016/09/06,15:58:57,+0306943260,-0881945154,+00063179,05
00043444,XQ,+101595,+2935,+0597,2016/09/06,15:58:58,+0306943257,-0881945136,+00062945,05
00043444,XQ,+101605,+2922,+0604,2016/09/06,15:58:59,+0306943282,-0881945197,+00062813,05
00043444,XQ,+101602,+2932,+0600,2016/09/06,15:59:00,+0306943287,-0881945196,+00062634,05
00043444,XQ,+101597,+2934,+0592,2016/09/06,15:59:01,+0306943290,-0881945172,+00062378,05
00043444,XQ,+101598,+2908,+0593,2016/09/06,15:59:02,+0306943290,-0881945137,+00062122,05
00043444,XQ,+101598,+2909,+0593,2016/09/06,15:59:03,+0306943310,-0881945142,+00061950,05
00043444,XQ,+101604,+2909,+0594,2016/09/06,15:59:04,+0306943314,-0881945120,+00061806,05
00043444,XQ,+101599,+2915,+0579,2016/09/06,15:59:05,+0306943303,-0881945124,+00061633,05
00043444,XQ,+101601,+2902,+0578,2016/09/06,15:59:06,+0306943286,-0881945147,+00061445,05
00043444,XQ,+101594,+2904,+0560,2016/09/06,15:59:07,+0306943269,-0881945105,+00061209,05
00043444,XQ,+101601,+2909,+0561,2016/09/06,15:59:08,+0306943237,-0881945081,+00061144,05
00043444,XQ,+101604,+2907,+0550,2016/09/06,15:59:09,+0306943205,-0881945049,+00061100,05
00043444,XQ,+101591,+2877,+0562,2016/09/06,15:59:10,+0306943207,-0881945047,+00060978,05
00043444,XQ,+101602,+2878,+0562,2016/09/06,15:59:11,+0306943191,-0881945023,+00060913,05
00043444,XQ,+101600,+2905,+0584,2016/09/06,15:59:12,+0306943185,-0881945051,+00060877,05
00043444,XQ,+101603,+2935,+0582,2016/09/06,15:59:13,+0306943191,-0881945092,+00060837,05
00043444,XQ,+101601,+2929,+0583,2016/09/06,15:59:14,+0306943179,-0881945167,+00060795,05
00043444,XQ,+101599,+2925,+0561,2016/09/06,15:59:15,+0306943210,-0881945166,+00060747,05
00043444,XQ,+101598,+2933,+0554,2016/09/06,15:59:16,+0306943253,-0881945173,+00060698,05
00043444,XQ,+101596,+2953,+0537,2016/09/06,15:59:17,+0306943260,-0881945154,+00060719,05
00043444,XQ,+101600,+2933,+0539,2016/09/06,15:59:18,+0306943292,-0881945132,+00060782,05
00043444,XQ,+101605,+2914,+0535,2016/09/06,15:59:19,+0306943285,-0881945154,+00060748,05
00043444,XQ,+101597,+2898,+0540,2016/09/06,15:59:20,+0306943295,-0881945181,+00060697,05
00043444,XQ,+101614,+2888,+0548,2016/09/06,15:59:21,+0306943292,-0881945101,+00060670,05
00043444,XQ,+101603,+2915,+0558,2016/09/06,15:59:22,+0306943259,-0881945072,+00060609,05
00043444,XQ,+101611,+2933,+0559,2016/09/06,15:59:23,+0306943260,-0881945022,+00060638,05
00043444,XQ,+101606,+2913,+0554,2016/09/06,15:59:24,+0306943285,-0881945038,+00060556,05
00043444,XQ,+101612,+2911,+0559,2016/09/06,15:59:25,+0306943204,-0881944977,+00060550,05
00043444,XQ,+101609,+2907,+0552,2016/09/06,15:59:26,+0306943210,-0881944985,+00060455,05
00043444,XQ,+101611,+2889,+0560,2016/09/06,15:59:27,+0306943269,-0881945154,+00060452,05
00043444,XQ,+101604,+2909,+0568,2016/09/06,15:59:28,+0306943296,-0881945163,+00060511,05
00043444,XQ,+101606,+2914,+0571,2016/09/06,15:59:29,+0306943304,-0881945164,+00060489,05
00043444,XQ,+101605,+2916,+0570,2016/09/06,15:59:30,+0306943343,-0881945208,+00060487,05
00043444,XQ,+101595,+2918,+0574,2016/09/06,15:59:31,+0306943318,-0881945136,+00060507,05
00043444,XQ,+101589,+2939,+0576,2016/09/06,15:59:32,+0306943290,-0881945184,+00060434,05
00043444,XQ,+101605,+2940,+0571,2016/09/06,15:59:33,+0306943278,-0881945163,+00060472,05
00043444,XQ,+101596,+2916,+0580,2016/09/06,15:59:34,+0306943289,-0881945140,+00060457,05
00043444,XQ,+101607,+2920,+0599,2016/09/06,15:59:35,+0306943284,-0881945141,+00060444,05
00043444,XQ,+101598,+2924,+0598,2016/09/06,15:59:36,+0306943381,-0881945232,+00060405,05
00043444,XQ,+101599,+2921,+0595,2016/09/06,15:59:37,+0306943395,-0881945221,+00060286,05
00043444,XQ,+101603,+2902,+0595,2016/09/06,15:59:38,+0306943386,-0881945244,+00060231,05
00043444,XQ,+101592,+2909,+0607,2016/09/06,15:59:39,+0306943414,-0881945232,+00060228,05
00043444,XQ,+101596,+2903,+0594,2016/09/06,15:59:40,+0306943447,-0881945291,+00060155,05
00043444,XQ,+101601,+2878,+0593,2016/09/06,15:59:41,+0306943425,-0881945221,+00060106,05
00043444,XQ,+101600,+2869,+0576,2016/09/06,15:59:42,+0306943401,-0881945160,+00060045,05
00043444,XQ,+101608,+2874,+0576,2016/09/06,15:59:43,+0306943395,-0881945157,+00060016,05
00043444,XQ,+101600,+2855,+0567,2016/09/06,15:59:44,+0306943408,-0881945151,+00059925,05
00043444,XQ,+101595,+2862,+0579,2016/09/06,15:59:45,+0306943380,-0881945124,+00059917,05
00043444,XQ,+101602,+2865,+0566,2016/09/06,15:59:46,+0306943361,-0881945139,+00059869,05
00043444,XQ,+101603,+2868,+0576,2016/09/06,15:59:47,+0306943355,-0881945149,+00059816,05
00043444,XQ,+101595,+2870,+0578,2016/09/06,15:59:48,+0306943342,-0881945124,+00059867,05
00043444,XQ,+101608,+2861,+0572,2016/09/06,15:59:49,+0306943326,-0881945107,+00060077,05
00043444,XQ,+101602,+2857,+0599,2016/09/06,15:59:50,+0306943321,-0881945160,+00060211,05
00043444,XQ,+101599,+2848,+0598,2016/09/06,15:59:51,+0306943314,-0881945189,+00060352,05
00043444,XQ,+101594,+2834,+0617,2016/09/06,15:59:52,+0306943364,-0881945326,+00060571,05
00043444,XQ,+101598,+2826,+0633,2016/09/06,15:59:53,+0306943369,-0881945325,+00060658,05
00043444,XQ,+101593,+2836,+0625,2016/09/06,15:59:54,+0306943381,-0881945360,+00060802,05
00043444,XQ,+101601,+2850,+0635,2016/09/06,15:59:55,+0306943364,-0881945343,+00060991,05
00043444,XQ,+101598,+2874,+0639,2016/09/06,15:59:56,+0306943377,-0881945394,+00061245,05
00043444,XQ,+101598,+2874,+0626,2016/09/06,15:59:57,+0306943345,-0881945369,+00061430,05
00043444,XQ,+101591,+2887,+0617,2016/09/06,15:59:58,+0306943359,-0881945379,+00061431,05
00043444,XQ,+101603,+2899,+0628,2016/09/06,15:59:59,+0306943384,-0881945391,+00061270,05
00043444,XQ,+101576,+2937,+0624,2016/09/06,16:00:00,+0306943377,-0881945385,+00061248,05
00043444,XQ,+101588,+2972,+0620,2016/09/06,16:00:01,+0306943365,-0881945392,+00061134,05
00043444,XQ,+101596,+2970,+0634,2016/09/06,16:00:02,+0306943356,-0881945404,+00061092,05
00043444,XQ,+101597,+2954,+0631,2016/09/06,16:00:03,+0306943347,-0881945413,+00061069,05
00043444,XQ,+101609,+2965,+0621,2016/09/06,16:00:04,+0306943323,-0881945457,+00060851,05
00043444,XQ,+101605,+2963,+0629,2016/09/06,16:00:05,+0306943328,-0881945465,+00060819,05
00043444,XQ,+101597,+2975,+0621,2016/09/06,16:00:06,+0306943313,-0881945494,+00060776,05
00043444,XQ,+101603,+2988,+0612,2016/09/06,16:00:07,+0306943340,-0881945556,+00060635,05
00043444,XQ,+101591,+3017,+0641,2016/09/06,16:00:08,+0306943340,-0881945570,+00060693,05
00043444,XQ,+101594,+3025,+0623,2016/09/06,16:00:09,+0306943373,-0881945612,+00060711,05
00043444,XQ,+101586,+3031,+0617,2016/09/06,16:00:10,+0306943373,-0881945692,+00061005,05
00043444,XQ,+101585,+3050,+0623,2016/09/06,16:00:11,+0306943390,-0881945729,+00061054,05
00043444,XQ,+101602,+2996,+0617,2016/09/06,16:00:12,+0306943402,-0881945734,+00061118,05
00043444,XQ,+101590,+2954,+0616,2016/09/06,16:00:13,+0306943418,-0881945735,+00061239,05
00043444,XQ,+101597,+2927,+0619,2016/09/06,16:00:14,+0306943421,-0881945759,+00061362,05
00043444,XQ,+101609,+2949,+0613,2016/09/06,16:00:15,+0306943444,-0881945810,+00061641,05
00043444,XQ,+101595,+2950,+0617,2016/09/06,16:00:16,+0306943460,-0881945840,+00061757,05
00043444,XQ,+101592,+2964,+0620,2016/09/06,16:00:17,+0306943433,-0881945851,+00061855,05
00043444,XQ,+101588,+2934,+0621,2016/09/06,16:00:18,+0306943438,-0881945862,+00062113,05
00043444,XQ,+101595,+2928,+0613,2016/09/06,16:00:19,+0306943406,-0881945793,+00062247,05
00043444,XQ,+101577,+2922,+0619,2016/09/06,16:00:20,+0306943385,-0881945727,+00062267,05
00043444,XQ,+101579,+2920,+0609,2016/09/06,16:00:21,+0306943356,-0881945710,+00062367,05
00043444,XQ,+101582,+2963,+0612,2016/09/06,16:00:22,+0306943339,-0881945712,+00062564,05
00043444,XQ,+101577,+2941,+0599,2016/09/06,16:00:23,+0306943343,-0881945695,+00062717,05
00043444,XQ,+101581,+2946,+0620,2016/09/06,16:00:24,+0306943347,-0881945708,+00063031,05
00043444,XQ,+101592,+2975,+0615,2016/09/06,16:00:25,+0306943320,-0881945711,+00063298,05
00043444,XQ,+101583,+2997,+0623,2016/09/06,16:00:26,+0306943347,-0881945716,+00063536,05
00043444,XQ,+101581,+3004,+0618,2016/09/06,16:00:27,+0306943372,-0881945749,+00063611,05
00043444,XQ,+101601,+3027,+0621,2016/09/06,16:00:28,+0306943389,-0881945792,+00063871,05
00043444,XQ,+101590,+3030,+0619,2016/09/06,16:00:29,+0306943376,-0881945778,+00064083,05
00043444,XQ,+101589,+3050,+0613,2016/09/06,16:00:30,+0306943388,-0881945820,+00064053,05
00043444,XQ,+101600,+3055,+0620,2016/09/06,16:00:31,+0306943398,-0881945849,+00064160,05
00043444,XQ,+101590,+3042,+0617,2016/09/06,16:00:32,+0306943394,-0881945891,+00064295,05
00043444,XQ,+101606,+3038,+0601,2016/09/06,16:00:33,+0306943364,-0881945883,+00064300,05
00043444,XQ,+101597,+2989,+0600,2016/09/06,16:00:34,+0306943331,-0881945826,+00064285,05
00043444,XQ,+101601,+2954,+0598,2016/09/06,16:00:35,+0306943374,-0881945786,+00064524,05
00043444,XQ,+101581,+2937,+0595,2016/09/06,16:00:36,+0306943347,-0881945799,+00064423,05
00043444,XQ,+101598,+2935,+0601,2016/09/06,16:00:37,+0306943359,-0881945886,+00064492,05
00043444,XQ,+101597,+2927,+0601,2016/09/06,16:00:38,+0306943338,-0881945836,+00064352,05
00043444,XQ,+101596,+2926,+0586,2016/09/06,16:00:39,+0306943291,-0881945799,+00064351,05
00043444,XQ,+101583,+2908,+0602,2016/09/06,16:00:40,+0306943288,-0881945751,+00064330,05
00043444,XQ,+101596,+2907,+0598,2016/09/06,16:00:41,+0306943284,-0881945770,+00064310,05
00043444,XQ,+101584,+2924,+0602,2016/09/06,16:00:42,+0306943325,-0881945816,+00064251,05
00043444,XQ,+101587,+2899,+0600,2016/09/06,16:00:43,+0306943326,-0881945834,+00063854,04
00043444,XQ,+101611,+2878,+0615,2016/09/06,16:00:44,+0306943409,-0881945846,+00062193,04
00043444,XQ,+101602,+2893,+0602,2016/09/06,16:00:45,+0306943378,-0881945854,+00061989,04
00043444,XQ,+101600,+2890,+0597,2016/09/06,16:00:46,+0306943406,-0881945867,+00061881,04
00043444,XQ,+101594,+2905,+0598,2016/09/06,16:00:47,+0306943431,-0881945890,+00061802,04
00043444,XQ,+101596,+2949,+0597,2016/09/06,16:00:48,+0306943453,-0881945881,+00061805,05
00043444,XQ,+101594,+2949,+0598,2016/09/06,16:00:49,+0306943476,-0881945849,+00061842,05
00043444,XQ,+101605,+2943,+0599,2016/09/06,16:00:50,+0306943482,-0881945769,+00061659,05
00043444,XQ,+101589,+2901,+0593,2016/09/06,16:00:51,+0306943501,-0881945794,+00061555,05
00043444,XQ,+101591,+2896,+0594,2016/09/06,16:00:52,+0306943583,-0881945853,+00061494,04
00043444,XQ,+101598,+2901,+0602,2016/09/06,16:00:53,+0306943637,-0881945846,+00061436,04
00043444,XQ,+101596,+2917,+0600,2016/09/06,16:00:54,+0306943652,-0881945898,+00061379,05
00043444,XQ,+101607,+2925,+0598,2016/09/06,16:00:55,+0306943678,-0881945866,+00061337,05
00043444,XQ,+101608,+2942,+0607,2016/09/06,16:00:56,+0306943750,-0881945875,+00061324,05
00043444,XQ,+101607,+2955,+0615,2016/09/06,16:00:57,+0306943780,-0881945869,+00061353,05
00043444,XQ,+101606,+2950,+0621,2016/09/06,16:00:58,+0306943736,-0881945563,+00061334,05
00043444,XQ,+101601,+2956,+0598,2016/09/06,16:00:59,+0306943707,-0881945388,+00061348,05
00043444,XQ,+101594,+2968,+0603,2016/09/06,16:01:00,+0306943899,-0881945343,+00061353,05
00043444,XQ,+101597,+2998,+0639,2016/09/06,16:01:01,+0306944163,-0881945144,+00061395,05
00043444,XQ,+101604,+2985,+0565,2016/09/06,16:01:02,+0306944367,-0881944801,+00061397,05
00043444,XQ,+101634,+2945,+0601,2016/09/06,16:01:03,+0306944522,-0881944852,+00061462,05
00043444,XQ,+101624,+2900,+0621,2016/09/06,16:01:04,+0306944540,-0881944983,+00061541,05
00043444,XQ,+101599,+2887,+0619,2016/09/06,16:01:05,+0306944442,-0881945006,+00061655,05
00043444,XQ,+101613,+2929,+0615,2016/09/06,16:01:06,+0306944397,-0881945151,+00061757,05
00043444,XQ,+101602,+2946,+0608,2016/09/06,16:01:07,+0306944265,-0881945258,+00061876,05
00043444,XQ,+101601,+2959,+0611,2016/09/06,16:01:08,+0306944242,-0881945343,+00062007,05
00043444,XQ,+101599,+2957,+0610,2016/09/06,16:01:09,+0306944063,-0881945265,+00062079,05
00043444,XQ,+101608,+2957,+0598,2016/09/06,16:01:10,+0306943880,-0881945251,+00062151,05
00043444,XQ,+101612,+2935,+0600,2016/09/06,16:01:11,+0306943737,-0881945255,+00062281,05
00043444,XQ,+101612,+2929,+0611,2016/09/06,16:01:12,+0306943625,-0881945330,+00062395,05
00043444,XQ,+101607,+2919,+0599,2016/09/06,16:01:13,+0306943565,-0881945393,+00062423,04
00043444,XQ,+101602,+2962,+0601,2016/09/06,16:01:14,+0306943576,-0881945438,+00062472,04
00043444,XQ,+101599,+2965,+0598,2016/09/06,16:01:15,+0306943639,-0881945424,+00062529,04
00043444,XQ,+101607,+2971,+0590,2016/09/06,16:01:16,+0306943588,-0881945109,+00062580,04
00043444,XQ,+101605,+2992,+0589,2016/09/06,16:01:17,+0306943674,-0881945025,+00062621,04
00043444,XQ,+101612,+2969,+0590,2016/09/06,16:01:18,+0306943723,-0881945009,+00062612,04
00043444,XQ,+101614,+2949,+0598,2016/09/06,16:01:19,+0306943738,-0881945053,+00062568,05
00043444,XQ,+101607,+2956,+0600,2016/09/06,16:01:20,+0306943866,-0881945316,+00062533,05
00043444,XQ,+101610,+2963,+0598,2016/09/06,16:01:21,+0306943888,-0881945412,+00062552,05
00043444,XQ,+101609,+2953,+0600,2016/09/06,16:01:22,+0306943924,-0881945500,+00062582,05
00043444,XQ,+101605,+2938,+0599,2016/09/06,16:01:23,+0306944003,-0881945520,+00062563,05
00043444,XQ,+101605,+2931,+0600,2016/09/06,16:01:24,+0306943855,-0881945517,+00062568,05
00043444,XQ,+101600,+2928,+0597,2016/09/06,16:01:25,+0306943781,-0881945623,+00062542,05
00043444,XQ,+101593,+2917,+0602,2016/09/06,16:01:26,+0306943674,-0881945662,+00062532,05
00043444,XQ,+101607,+2911,+0601,2016/09/06,16:01:27,+0306943600,-0881945722,+00062472,05
00043444,XQ,+101612,+2928,+0610,2016/09/06,16:01:28,+0306943557,-0881945796,+00062393,05
00043444,XQ,+101612,+2930,+0598,2016/09/06,16:01:29,+0306943677,-0881945901,+00062233,05
00043444,XQ,+101607,+2919,+0590,2016/09/06,16:01:30,+0306943701,-0881945921,+00062041,05
00043444,XQ,+101600,+2937,+0606,2016/09/06,16:01:31,+0306943733,-0881945961,+00061862,05
00043444,XQ,+101618,+2912,+0602,2016/09/06,16:01:32,+0306943708,-0881945996,+00061706,05
00043444,XQ,+101610,+2923,+0608,2016/09/06,16:01:33,+0306943744,-0881946089,+00061565,05
00043444,XQ,+101609,+2939,+0619,2016/09/06,16:01:34,+0306943678,-0881946052,+00061438,05
00043444,XQ,+101620,+2924,+0622,2016/09/06,16:01:35,+0306943648,-0881945903,+00061327,05
00043444,XQ,+101603,+2926,+0598,2016/09/06,16:01:36,+0306943671,-0881945926,+00061246,05
00043444,XQ,+101605,+2983,+0602,2016/09/06,16:01:37,+0306943644,-0881945977,+00061147,05
00043444,XQ,+101601,+2947,+0616,2016/09/06,16:01:38,+0306943666,-0881946034,+00061048,05
00043444,XQ,+101604,+2944,+0601,2016/09/06,16:01:39,+0306943726,-0881946135,+00060981,05
00043444,XQ,+101599,+2943,+0607,2016/09/06,16:01:40,+0306943788,-0881946287,+00060892,05
00043444,XQ,+101595,+2943,+0602,2016/09/06,16:01:41,+0306943717,-0881946312,+00060855,05
00043444,XQ,+101602,+2948,+0602,2016/09/06,16:01:42,+0306943727,-0881946373,+00060813,05
00043444,XQ,+101596,+2928,+0598,2016/09/06,16:01:43,+0306943722,-0881946438,+00060781,05
00043444,XQ,+101597,+2934,+0603,2016/09/06,16:01:44,+0306943734,-0881946480,+00060752,05
00043444,XQ,+101595,+2933,+0602,2016/09/06,16:01:45,+0306943682,-0881946513,+00060694,05
00043444,XQ,+101596,+2931,+0602,2016/09/06,16:01:46,+0306943714,-0881946548,+00060632,05
00043444,XQ,+101592,+2926,+0600,2016/09/06,16:01:47,+0306943720,-0881946603,+00060618,05
00043444,XQ,+101594,+2937,+0605,2016/09/06,16:01:48,+0306943732,-0881946680,+00060569,05
00043444,XQ,+101602,+2926,+0603,2016/09/06,16:01:49,+0306943767,-0881946778,+00060492,05
00043444,XQ,+101607,+2948,+0612,2016/09/06,16:01:50,+0306943771,-0881946783,+00060420,05
00043444,XQ,+101603,+2943,+0616,2016/09/06,16:01:51,+0306943801,-0881946795,+00060353,05
00043444,XQ,+101596,+2960,+0602,2016/09/06,16:01:52,+0306943798,-0881946842,+00060194,05
00043444,XQ,+101606,+2962,+0607,2016/09/06,16:01:53,+0306943848,-0881946845,+00060107,05
00043444,XQ,+101591,+2939,+0617,2016/09/06,16:01:54,+0306943884,-0881946878,+00059999,05
00043444,XQ,+101585,+2956,+0621,2016/09/06,16:01:55,+0306943915,-0881946932,+00059937,05
00043444,XQ,+101594,+2953,+0619,2016/09/06,16:01:56,+0306943913,-0881946975,+00059862,05
00043444,XQ,+101600,+2954,+0611,2016/09/06,16:01:57,+0306943945,-0881946957,+00059842,05
00043444,XQ,+101597,+2977,+0608,2016/09/06,16:01:58,+0306943947,-0881946989,+00059740,05
00043444,XQ,+101599,+2967,+0617,2016/09/06,16:01:59,+0306943964,-0881947023,+00059640,05
00043444,XQ,+101589,+2991,+0620,2016/09/06,16:02:00,+0306943985,-0881946966,+00059641,05
00043444,XQ,+101593,+2989,+0609,2016/09/06,16:02:01,+0306944030,-0881946992,+00059581,05
00043444,XQ,+101604,+2966,+0610,2016/09/06,16:02:02,+0306944060,-0881947122,+00059562,05
00043444,XQ,+101595,+2970,+0611,2016/09/06,16:02:03,+0306944096,-0881947122,+00059535,05
00043444,XQ,+101599,+2956,+0617,2016/09/06,16:02:04,+0306943940,-0881946959,+00059310,05
00043444,XQ,+101588,+2952,+0598,2016/09/06,16:02:05,+0306943919,-0881947011,+00059192,05
00043444,XQ,+101606,+2980,+0592,2016/09/06,16:02:06,+0306943861,-0881947014,+00059191,05
00043444,XQ,+101600,+2988,+0600,2016/09/06,16:02:07,+0306943859,-0881947004,+00059199,05
00043444,XQ,+101604,+2974,+0586,2016/09/06,16:02:08,+0306943849,-0881947000,+00059233,04
00043444,XQ,+101611,+2961,+0579,2016/09/06,16:02:09,+0306943924,-0881947104,+00059114,04
00043444,XQ,+101614,+2930,+0551,2016/09/06,16:02:21,+0306943868,-0881947481,+00057572,04
00043444,XQ,+101603,+2930,+0555,2016/09/06,16:02:22,+0306943867,-0881947359,+00057051,04
00043444,XQ,+101602,+2948,+0560,2016/09/06,16:02:23,+0306944051,-0881947049,+00056998,04
00043444,XQ,+101616,+2967,+0558,2016/09/06,16:02:24,+0306943913,-0881947247,+00056562,04
00043444,XQ,+101618,+2961,+0556,2016/09/06,16:02:25,+0306943908,-0881947540,+00056472,04
00043444,XQ,+101598,+2953,+0558,2016/09/06,16:02:26,+0306943910,-0881947377,+00056525,04
00043444,XQ,+101616,+2967,+0575,2016/09/06,16:02:27,+0306943848,-0881947381,+00056683,04
00043444,XQ,+101617,+3000,+0573,2016/09/06,16:02:28,+0306943843,-0881947315,+00056853,04
00043444,XQ,+101607,+2958,+0573,2016/09/06,16:02:34,+0306943769,-0881947338,+00056899,05
00043444,XQ,+101597,+2924,+0575,2016/09/06,16:02:35,+0306943706,-0881946936,+00056938,05
00043444,XQ,+101589,+2907,+0566,2016/09/06,16:02:36,+0306943696,-0881946603,+00056923,05
00043444,XQ,+101600,+2911,+0578,2016/09/06,16:02:37,+0306943770,-0881946671,+00056995,05
00043444,XQ,+101585,+2911,+0577,2016/09/06,16:02:38,+0306943933,-0881946868,+00056998,05
00043444,XQ,+101597,+2921,+0577,2016/09/06,16:02:39,+0306944021,-0881947023,+00056988,05
00043444,XQ,+101602,+2922,+0576,2016/09/06,16:02:40,+0306944120,-0881947201,+00056881,05
00043444,XQ,+101596,+2922,+0578,2016/09/06,16:02:41,+0306944074,-0881947102,+00056846,05
00043444,XQ,+101599,+2927,+0576,2016/09/06,16:02:42,+0306944119,-0881947247,+00056893,05
00043444,XQ,+101611,+2910,+0574,2016/09/06,16:02:43,+0306944189,-0881947378,+00056934,05
00043444,XQ,+101615,+2893,+0579,2016/09/06,16:02:44,+0306944258,-0881947401,+00056890,05
00043444,XQ,+101604,+2906,+0587,2016/09/06,16:02:45,+0306944268,-0881947379,+00056920,05
00043444,XQ,+101589,+2921,+0586,2016/09/06,16:02:46,+0306944308,-0881947422,+00056984,05
00043444,XQ,+101609,+2902,+0598,2016/09/06,16:02:47,+0306944375,-0881947532,+00057070,05
00043444,XQ,+101607,+2907,+0589,2016/09/06,16:02:48,+0306944356,-0881947466,+00057117,05
00043444,XQ,+101624,+2914,+0598,2016/09/06,16:02:49,+0306944402,-0881947440,+00057123,05
00043444,XQ,+101607,+2941,+0589,2016/09/06,16:02:50,+0306944412,-0881947439,+00057144,05
00043444,XQ,+101618,+2931,+0592,2016/09/06,16:02:51,+0306944481,-0881947416,+00057207,05
00043444,XQ,+101620,+2907,+0590,2016/09/06,16:02:52,+0306944482,-0881947439,+00057281,05
00043444,XQ,+101615,+2905,+0598,2016/09/06,16:02:53,+0306944524,-0881947354,+00057334,05
00043444,XQ,+101604,+2893,+0595,2016/09/06,16:02:54,+0306944490,-0881947294,+00057356,05
00043444,XQ,+101613,+2897,+0597,2016/09/06,16:02:55,+0306944528,-0881947304,+00057421,05
00043444,XQ,+101609,+2896,+0597,2016/09/06,16:02:56,+0306944519,-0881947319,+00057471,05
00043444,XQ,+101605,+2893,+0595,2016/09/06,16:02:57,+0306944503,-0881947290,+00057507,05
00043444,XQ,+101599,+2919,+0610,2016/09/06,16:02:58,+0306944529,-0881947297,+00057592,05
00043444,XQ,+101615,+2937,+0606,2016/09/06,16:02:59,+0306944513,-0881947313,+00057621,05
00043444,XQ,+101613,+2920,+0616,2016/09/06,16:03:00,+0306944510,-0881947320,+00057626,05
00043444,XQ,+101604,+2935,+0618,2016/09/06,16:03:01,+0306944493,-0881947271,+00057558,05
00043444,XQ,+101601,+2952,+0619,2016/09/06,16:03:02,+0306944488,-0881947248,+00057536,05
00043444,XQ,+101607,+2942,+0614,2016/09/06,16:03:03,+0306944490,-0881947246,+00057438,05
00043444,XQ,+101602,+2933,+0617,2016/09/06,16:03:04,+0306944430,-0881947161,+00057363,05
00043444,XQ,+101607,+2911,+0617,2016/09/06,16:03:05,+0306944372,-0881947062,+00057259,05
00043444,XQ,+101597,+2898,+0615,2016/09/06,16:03:06,+0306944357,-0881946998,+00057202,05
00043444,XQ,+101606,+2893,+0618,2016/09/06,16:03:07,+0306944375,-0881946980,+00057093,05
00043444,XQ,+101600,+2891,+0610,2016/09/06,16:03:08,+0306944338,-0881946933,+00057038,05
00043444,XQ,+101609,+2899,+0618,2016/09/06,16:03:09,+0306944334,-0881946908,+00057048,05
00043444,XQ,+101591,+2926,+0619,2016/09/06,16:03:10,+0306944326,-0881946877,+00057039,05
00043444,XQ,+101599,+2937,+0619,2016/09/06,16:03:11,+0306944276,-0881946818,+00057091,05
00043444,XQ,+101603,+2932,+0618,2016/09/06,16:03:12,+0306944221,-0881946773,+00057130,05
00043444,XQ,+101588,+2935,+0612,2016/09/06,16:03:13,+0306944180,-0881946732,+00057220,05
00043444,XQ,+101602,+2937,+0619,2016/09/06,16:03:14,+0306944143,-0881946706,+00057267,05
00043444,XQ,+101606,+2904,+0611,2016/09/06,16:03:15,+0306944125,-0881946698,+00057229,05
00043444,XQ,+101618,+2898,+0613,2016/09/06,16:03:16,+0306944142,-0881946739,+00057155,05
00043444,XQ,+101611,+2907,+0618,2016/09/06,16:03:17,+0306944190,-0881946761,+00057146,05
00043444,XQ,+101608,+2918,+0628,2016/09/06,16:03:18,+0306944179,-0881946702,+00057263,05
00043444,XQ,+101604,+2918,+0618,2016/09/06,16:03:19,+0306944159,-0881946699,+00057305,05
00043444,XQ,+101599,+2908,+0631,2016/09/06,16:03:20,+0306944148,-0881946675,+00057496,05
00043444,XQ,+101615,+2891,+0618,2016/09/06,16:03:21,+0306944197,-0881946704,+00057533,05
00043444,XQ,+101607,+2884,+0619,2016/09/06,16:03:22,+0306944199,-0881946739,+00057651,05
00043444,XQ,+101604,+2912,+0619,2016/09/06,16:03:23,+0306944206,-0881946756,+00057793,05
00043444,XQ,+101596,+2906,+0608,2016/09/06,16:03:24,+0306944221,-0881946708,+00057933,05
00043444,XQ,+101605,+2916,+0620,2016/09/06,16:03:25,+0306944324,-0881946554,+00058124,05
00043444,XQ,+101601,+2951,+0612,2016/09/06,16:03:26,+0306944361,-0881946402,+00058408,05
00043444,XQ,+101594,+2947,+0610,2016/09/06,16:03:27,+0306944492,-0881946388,+00058624,05
00043444,XQ,+101601,+2939,+0598,2016/09/06,16:03:28,+0306944702,-0881946305,+00058748,05
00043444,XQ,+101604,+2935,+0600,2016/09/06,16:03:29,+0306944869,-0881946234,+00058872,05
00043444,XQ,+101603,+2932,+0593,2016/09/06,16:03:30,+0306944978,-0881946190,+00059046,05
00043444,XQ,+101613,+2949,+0588,2016/09/06,16:03:31,+0306945052,-0881946041,+00059140,05
00043444,XQ,+101615,+2963,+0573,2016/09/06,16:03:32,+0306945121,-0881945950,+00059239,05
00043444,XQ,+101624,+2909,+0573,2016/09/06,16:03:33,+0306945193,-0881945842,+00059138,05
00043444,XQ,+101618,+2926,+0576,2016/09/06,16:03:34,+0306945261,-0881945783,+00059260,05
00043444,XQ,+101632,+2922,+0569,2016/09/06,16:03:35,+0306945313,-0881945697,+00059376,05
00043444,XQ,+101620,+2906,+0577,2016/09/06,16:03:36,+0306945331,-0881945649,+00059282,05
00043444,XQ,+101628,+2920,+0577,2016/09/06,16:03:37,+0306945382,-0881945656,+00059273,05
00043444,XQ,+101646,+2942,+0586,2016/09/06,16:03:38,+0306945419,-0881945534,+00059283,05
00043444,XQ,+101647,+2936,+0586,2016/09/06,16:03:39,+0306945447,-0881945442,+00059205,05
00043444,XQ,+101650,+2908,+0596,2016/09/06,16:03:40,+0306945495,-0881945378,+00059155,05
00043444,XQ,+101645,+2924,+0598,2016/09/06,16:03:41,+0306945489,-0881945355,+00059096,05
00043444,XQ,+101665,+2909,+0595,2016/09/06,16:03:42,+0306945564,-0881945453,+00058800,05
00043444,XQ,+101666,+2903,+0598,2016/09/06,16:03:43,+0306945465,-0881945292,+00058691,05
00043444,XQ,+101666,+2909,+0600,2016/09/06,16:03:44,+0306945414,-0881945209,+00058603,05
00043444,XQ,+101686,+2906,+0600,2016/09/06,16:03:45,+0306945468,-0881945436,+00058595,05
00043444,XQ,+101693,+2905,+0599,2016/09/06,16:03:46,+0306945503,-0881945501,+00058708,05
00043444,XQ,+101698,+2882,+0596,2016/09/06,16:03:47,+0306945484,-0881945519,+00058721,05
00043444,XQ,+101681,+2889,+0600,2016/09/06,16:03:48,+0306945440,-0881945416,+00058868,05
00043444,XQ,+101700,+2886,+0610,2016/09/06,16:03:49,+0306945415,-0881945407,+00058488,05
00043444,XQ,+101691,+2932,+0618,2016/09/06,16:03:50,+0306945439,-0881945452,+00058289,05
00043444,XQ,+101708,+2959,+0605,2016/09/06,16:03:51,+0306945443,-0881945471,+00058103,05
00043444,XQ,+101710,+2975,+0612,2016/09/06,16:03:52,+0306945457,-0881945471,+00058100,05
00043444,XQ,+101710,+3012,+0626,2016/09/06,16:03:53,+0306945441,-0881945499,+00058066,05
00043444,XQ,+101707,+3021,+0626,2016/09/06,16:03:54,+0306945434,-0881945547,+00058027,05
00043444,XQ,+101709,+3035,+0631,2016/09/06,16:03:55,+0306945439,-0881945570,+00058035,05
00043444,XQ,+101706,+3031,+0616,2016/09/06,16:03:56,+0306945439,-0881945571,+00057954,05
00043444,XQ,+101699,+3037,+0618,2016/09/06,16:03:57,+0306945439,-0881945575,+00057914,05
00043444,XQ,+101701,+3041,+0609,2016/09/06,16:03:58,+0306945434,-0881945562,+00057930,05
00043444,XQ,+101698,+3051,+0618,2016/09/06,16:03:59,+0306945425,-0881945550,+00057892,05
00043444,XQ,+101701,+3075,+0629,2016/09/06,16:04:00,+0306945430,-0881945553,+00058069,05
00043444,XQ,+101715,+3109,+0619,2016/09/06,16:04:01,+0306945452,-0881945585,+00057815,05
00043444,XQ,+101722,+3117,+0614,2016/09/06,16:04:02,+0306945451,-0881945636,+00057610,05
00043444,XQ,+101709,+3105,+0615,2016/09/06,16:04:03,+0306945422,-0881945640,+00057544,05
00043444,XQ,+101702,+3047,+0595,2016/09/06,16:04:04,+0306945436,-0881945668,+00057666,05
00043444,XQ,+101704,+3039,+0602,2016/09/06,16:04:05,+0306945378,-0881945629,+00057411,05
00043444,XQ,+101693,+3041,+0601,2016/09/06,16:04:06,+0306945387,-0881945669,+00057141,05
00043444,XQ,+101690,+3025,+0592,2016/09/06,16:04:07,+0306945367,-0881945665,+00057256,05
00043444,XQ,+101708,+3027,+0581,2016/09/06,16:04:08,+0306945376,-0881945711,+00057201,05
00043444,XQ,+101705,+3061,+0580,2016/09/06,16:04:09,+0306945347,-0881945622,+00057426,05
00043444,XQ,+101704,+3114,+0584,2016/09/06,16:04:10,+0306945358,-0881945689,+00057372,05
00043444,XQ,+101709,+3116,+0571,2016/09/06,16:04:11,+0306945333,-0881945591,+00057490,05
00043444,XQ,+101709,+3124,+0563,2016/09/06,16:04:12,+0306945349,-0881945591,+00057309,05
00043444,XQ,+101700,+3133,+0563,2016/09/06,16:04:13,+0306945355,-0881945549,+00057509,05
00043444,XQ,+101698,+3164,+0574,2016/09/06,16:04:14,+0306945405,-0881945564,+00057795,05
00043444,XQ,+101705,+3170,+0563,2016/09/06,16:04:15,+0306945416,-0881945604,+00057924,05
00043444,XQ,+101705,+3147,+0505,2016/09/06,16:04:16,+0306945401,-0881945568,+00058056,05
00043444,XQ,+101701,+3092,+0502,2016/09/06,16:04:17,+0306945380,-0881945520,+00057852,05
00043444,XQ,+101702,+3039,+0504,2016/09/06,16:04:18,+0306945297,-0881945334,+00058667,05
00043444,XQ,+101701,+2992,+0491,2016/09/06,16:04:19,+0306945288,-0881945366,+00059103,05
00043444,XQ,+101696,+2944,+0488,2016/09/06,16:04:20,+0306945305,-0881945392,+00059096,05
00043444,XQ,+101700,+2973,+0505,2016/09/06,16:04:21,+0306945300,-0881945452,+00059330,05
00043444,XQ,+101683,+2973,+0506,2016/09/06,16:04:22,+0306945354,-0881945612,+00059335,05
00043444,XQ,+101693,+2929,+0497,2016/09/06,16:04:23,+0306945254,-0881945806,+00059631,05
00043444,XQ,+101692,+2920,+0504,2016/09/06,16:04:24,+0306945171,-0881945869,+00060119,05
00043444,XQ,+101689,+2922,+0501,2016/09/06,16:04:25,+0306945106,-0881945922,+00060403,05
00043444,XQ,+101714,+2971,+0503,2016/09/06,16:04:26,+0306945019,-0881945962,+00060732,05
00043444,XQ,+101699,+3016,+0541,2016/09/06,16:04:27,+0306945071,-0881946052,+00060690,05
00043444,XQ,+101696,+3044,+0534,2016/09/06,16:04:28,+0306945064,-0881946058,+00061191,05
00043444,XQ,+101701,+3082,+0548,2016/09/06,16:04:29,+0306945116,-0881946122,+00060866,05
00043444,XQ,+101685,+3092,+0518,2016/09/06,16:04:30,+0306945129,-0881946169,+00060822,05
00043444,XQ,+101686,+3126,+0513,2016/09/06,16:04:31,+0306945189,-0881946252,+00059961,05
00043444,XQ,+101701,+3126,+0521,2016/09/06,16:04:32,+0306945177,-0881946274,+00060273,05
00043444,XQ,+101698,+3136,+0530,2016/09/06,16:04:33,+0306945264,-0881946403,+00061036,05
00043444,XQ,+101672,+3107,+0524,2016/09/06,16:04:34,+0306945320,-0881946425,+00061386,05
00043444,XQ,+101678,+3084,+0518,2016/09/06,16:04:35,+0306945398,-0881946390,+00062239,05
00043444,XQ,+101682,+3020,+0512,2016/09/06,16:04:36,+0306945456,-0881946328,+00062068,05
00043444,XQ,+101683,+3000,+0518,2016/09/06,16:04:37,+0306945420,-0881946105,+00061627,05
00043444,XQ,+101672,+3000,+0524,2016/09/06,16:04:38,+0306945398,-0881946027,+00061389,05
00043444,XQ,+101687,+2986,+0540,2016/09/06,16:04:39,+0306945386,-0881946167,+00061061,05
00043444,XQ,+101692,+3023,+0563,2016/09/06,16:04:40,+0306945331,-0881946240,+00060933,05
00043444,XQ,+101679,+3066,+0525,2016/09/06,16:04:41,+0306945294,-0881946238,+00060962,05
00043444,XQ,+101688,+3076,+0514,2016/09/06,16:04:42,+0306945242,-0881946170,+00060918,05
00043444,XQ,+101692,+3042,+0521,2016/09/06,16:04:43,+0306945220,-0881946109,+00060748,05
00043444,XQ,+101684,+2962,+0519,2016/09/06,16:04:44,+0306945200,-0881946026,+00060409,05
00043444,XQ,+101681,+2956,+0507,2016/09/06,16:04:45,+0306945187,-0881946002,+00060256,05
00043444,XQ,+101688,+3041,+0537,2016/09/06,16:04:46,+0306945170,-0881946036,+00060316,05
00043444,XQ,+101692,+3087,+0544,2016/09/06,16:04:47,+0306945186,-0881946044,+00060188,05
00043444,XQ,+101697,+3119,+0539,2016/09/06,16:04:48,+0306945187,-0881946007,+00059551,05
00043444,XQ,+101685,+3164,+0540,2016/09/06,16:04:49,+0306945157,-0881945917,+00058954,05
00043444,XQ,+101697,+3191,+0523,2016/09/06,16:04:50,+0306945135,-0881945856,+00058480,05
00043444,XQ,+101688,+3199,+0532,2016/09/06,16:04:51,+0306945104,-0881945786,+00058047,05
00043444,XQ,+101696,+3216,+0542,2016/09/06,16:04:52,+0306945084,-0881945757,+00057934,05
